importances 26
Head : 0.146145
Hips : 0
LeftArm : 0.383928
LeftFoot : 0.650265
LeftForeArm : 0.493968
LeftHand : 0
LeftHandThumb1 : 0
LeftHip : 0
LeftLeg : 0.496816
LeftShoulder : 0
LeftToeBase : 0.0842822
LeftUpLeg : 0.163254
Neck : 0
RightArm : 0.382567
RightFoot : 0.639087
RightForeArm : 0.566833
RightHand : 0
RightHandThumb1 : 0
RightHip : 0
RightLeg : 0.556138
RightShoulder : 0
RightToeBase : 0.161166
RightUpLeg : 0.165891
Spin : 0
Spin1 : 0.194612
Spin2 : 0.122583
offsets 26
Head : 1.5618
Hips : 0
LeftArm : 3.44967
LeftFoot : 7.61811
LeftForeArm : 5.20607
LeftHand : 3.39961
LeftHandThumb1 : 0
LeftHip : 0
LeftLeg : 7.2778
LeftShoulder : 0
LeftToeBase : 2.33618
LeftUpLeg : 2.41543
Neck : 0
RightArm : 3.45033
RightFoot : 7.77648
RightForeArm : 5.32214
RightHand : 3.51208
RightHandThumb1 : 0
RightHip : 0
RightLeg : 7.28127
RightShoulder : 0
RightToeBase : 2.37533
RightUpLeg : 2.4176
Spin : 0
Spin1 : 2.21698
Spin2 : 2.22371
frame 0 26
Head : 13.3757 0.351194 0.683263 -1 -1 -1 0 0 0
Hips : 7.34112 -0.552798 -1.568 0.251273 17.5025 -14.438 0 0 0
LeftArm : 30.4107 -13.4289 -87.4546 -1 -1 -1 0 0 0
LeftFoot : -12.2624 -0.204964 0.43214 -1 -1 -1 0 0 0
LeftForeArm : -1.40962 -16.2722 9.71416 -1 -1 -1 0 0 0
LeftHand : 0 0 0 -1 -1 -1 0 0 0
LeftHandThumb1 : 0.502869 26.748 -1.11426 -1 -1 -1 0 0 0
LeftHip : 0 0 0 -1 -1 -1 0 0 0
LeftLeg : 21.9725 7.73671 1.5458 -1 -1 -1 0 0 0
LeftShoulder : 0 0 0 -1 -1 -1 0 0 0
LeftToeBase : 0.931251 0.338377 0.0279939 -1 -1 -1 0 0 0
LeftUpLeg : -18.4231 1.42478 -17.0705 -1 -1 -1 0 0 0
Neck : -12.3166 0.610465 -1.89799 -1 -1 -1 0 0 0
RightArm : 12.5331 10.9355 86.8015 -1 -1 -1 0 0 0
RightFoot : -13.2957 2.6181 -0.542701 -1 -1 -1 0 0 0
RightForeArm : -2.57618 21.6497 -13.2739 -1 -1 -1 0 0 0
RightHand : 0 0 0 -1 -1 -1 0 0 0
RightHandThumb1 : -2.65024 -56.4086 9.4282 -1 -1 -1 0 0 0
RightHip : 0 0 0 -1 -1 -1 0 0 0
RightLeg : 23.9173 -8.3813 -1.80201 -1 -1 -1 0 0 0
RightShoulder : 0 0 0 -1 -1 -1 0 0 0
RightToeBase : 11.0606 -3.99362 -0.385821 -1 -1 -1 0 0 0
RightUpLeg : -18.2468 2.94099 19.3051 -1 -1 -1 0 0 0
Spin : 1.13654 -0.492333 0.0978369 -1 -1 -1 0 0 0
Spin1 : 5.04359 -0.724602 1.85548 -1 -1 -1 0 0 0
Spin2 : 4.59184 -0.402255 1.83911 -1 -1 -1 0 0 0
frame 1 26
Head : 13.3175 0.345672 0.674541 -1 -1 -1 0 0 0
Hips : 7.35605 -0.48015 -1.70422 0.26923 17.4642 -14.4691 0 0 0
LeftArm : 31.2655 -13.4185 -87.397 -1 -1 -1 0 0 0
LeftFoot : -12.5319 0.10349 0.470989 -1 -1 -1 0 0 0
LeftForeArm : -1.44752 -16.4408 9.82479 -1 -1 -1 0 0 0
LeftHand : 0 0 0 -1 -1 -1 0 0 0
LeftHandThumb1 : 0.302072 26.9527 -0.720418 -1 -1 -1 0 0 0
LeftHip : 0 0 0 -1 -1 -1 0 0 0
LeftLeg : 22.3423 7.86391 1.62012 -1 -1 -1 0 0 0
LeftShoulder : 0 0 0 -1 -1 -1 0 0 0
LeftToeBase : 0.514657 0.189345 0.0779764 -1 -1 -1 0 0 0
LeftUpLeg : -18.6279 1.26962 -16.9135 -1 -1 -1 0 0 0
Neck : -12.3757 0.609294 -1.95266 -1 -1 -1 0 0 0
RightArm : 12.9061 11.0636 86.7037 -1 -1 -1 0 0 0
RightFoot : -13.335 2.54274 -0.551995 -1 -1 -1 0 0 0
RightForeArm : -2.62591 21.8002 -13.388 -1 -1 -1 0 0 0
RightHand : 0 0 0 -1 -1 -1 0 0 0
RightHandThumb1 : -2.68435 -56.4986 9.43212 -1 -1 -1 0 0 0
RightHip : 0 0 0 -1 -1 -1 0 0 0
RightLeg : 24.0674 -8.43179 -1.83209 -1 -1 -1 0 0 0
RightShoulder : 0 0 0 -1 -1 -1 0 0 0
RightToeBase : 10.9693 -3.96207 -0.365631 -1 -1 -1 0 0 0
RightUpLeg : -18.3482 3.0183 19.436 -1 -1 -1 0 0 0
Spin : 1.27471 -0.523812 0.270872 -1 -1 -1 0 0 0
Spin1 : 5.0177 -0.764024 1.9202 -1 -1 -1 0 0 0
Spin2 : 4.51662 -0.417384 1.81398 -1 -1 -1 0 0 0
frame 2 26
Head : 13.2542 0.323879 0.652495 -1 -1 -1 0 0 0
Hips : 7.45494 -0.367561 -1.78459 0.287137 17.39 -14.5054 0 0 0
LeftArm : 31.8225 -13.6185 -87.4236 -1 -1 -1 0 0 0
LeftFoot : -12.7266 0.276612 0.527698 -1 -1 -1 0 0 0
LeftForeArm : -1.57858 -16.8563 10.0966 -1 -1 -1 0 0 0
LeftHand : 0 0 0 -1 -1 -1 0 0 0
LeftHandThumb1 : 0.288964 26.9656 -0.704214 -1 -1 -1 0 0 0
LeftHip : 0 0 0 -1 -1 -1 0 0 0
LeftLeg : 22.865 8.02147 1.71205 -1 -1 -1 0 0 0
LeftShoulder : 0 0 0 -1 -1 -1 0 0 0
LeftToeBase : 0.546595 0.211221 0.176884 -1 -1 -1 0 0 0
LeftUpLeg : -19.0395 1.2275 -16.8464 -1 -1 -1 0 0 0
Neck : -12.4331 0.562926 -1.99886 -1 -1 -1 0 0 0
RightArm : 13.4346 11.2763 86.4747 -1 -1 -1 0 0 0
RightFoot : -13.4442 2.46328 -0.596661 -1 -1 -1 0 0 0
RightForeArm : -2.74754 22.1545 -13.6388 -1 -1 -1 0 0 0
RightHand : 0 0 0 -1 -1 -1 0 0 0
RightHandThumb1 : -2.57353 -56.3498 9.22568 -1 -1 -1 0 0 0
RightHip : 0 0 0 -1 -1 -1 0 0 0
RightLeg : 24.3868 -8.52192 -1.91984 -1 -1 -1 0 0 0
RightShoulder : 0 0 0 -1 -1 -1 0 0 0
RightToeBase : 10.9136 -3.94216 -0.333726 -1 -1 -1 0 0 0
RightUpLeg : -18.6601 3.11813 19.4321 -1 -1 -1 0 0 0
Spin : 1.43998 -0.545708 0.39916 -1 -1 -1 0 0 0
Spin1 : 4.99715 -0.798708 1.98228 -1 -1 -1 0 0 0
Spin2 : 4.38303 -0.407224 1.82008 -1 -1 -1 0 0 0
frame 3 26
Head : 13.1627 0.350092 0.640221 -1 -1 -1 0 0 0
Hips : 7.59136 -0.333108 -1.75379 0.303547 17.2769 -14.5634 0 0 0
LeftArm : 32.3392 -13.9805 -87.4025 -1 -1 -1 0 0 0
LeftFoot : -12.7513 0.105423 0.597521 -1 -1 -1 0 0 0
LeftForeArm : -1.77585 -17.4342 10.5105 -1 -1 -1 0 0 0
LeftHand : 0 0 0 -1 -1 -1 0 0 0
LeftHandThumb1 : 0.25156 26.8574 -0.644183 -1 -1 -1 0 0 0
LeftHip : 0 0 0 -1 -1 -1 0 0 0
LeftLeg : 23.4942 8.23524 1.86039 -1 -1 -1 0 0 0
LeftShoulder : 0 0 0 -1 -1 -1 0 0 0
LeftToeBase : 0.648141 0.241474 0.250056 -1 -1 -1 0 0 0
LeftUpLeg : -19.6711 1.1913 -16.8008 -1 -1 -1 0 0 0
Neck : -12.4989 0.5551 -2.01338 -1 -1 -1 0 0 0
RightArm : 13.7154 11.7289 86.2611 -1 -1 -1 0 0 0
RightFoot : -13.579 2.44737 -0.66115 -1 -1 -1 0 0 0
RightForeArm : -2.8896 22.473 -13.8802 -1 -1 -1 0 0 0
RightHand : 0 0 0 -1 -1 -1 0 0 0
RightHandThumb1 : -2.59084 -56.4108 9.21135 -1 -1 -1 0 0 0
RightHip : 0 0 0 -1 -1 -1 0 0 0
RightLeg : 24.9994 -8.70709 -2.11294 -1 -1 -1 0 0 0
RightShoulder : 0 0 0 -1 -1 -1 0 0 0
RightToeBase : 10.4606 -3.77977 -0.27436 -1 -1 -1 0 0 0
RightUpLeg : -19.2272 3.28028 19.289 -1 -1 -1 0 0 0
Spin : 1.68585 -0.514109 0.45809 -1 -1 -1 0 0 0
Spin1 : 5.00241 -0.78962 1.97956 -1 -1 -1 0 0 0
Spin2 : 4.21572 -0.376159 1.84413 -1 -1 -1 0 0 0
frame 4 26
Head : 13.0216 0.391017 0.58554 -1 -1 -1 0 0 0
Hips : 7.7732 -0.358948 -1.77277 0.309258 17.1238 -14.6421 0 0 0
LeftArm : 32.7298 -14.357 -87.1918 -1 -1 -1 0 0 0
LeftFoot : -12.9543 -0.0213895 0.690951 -1 -1 -1 0 0 0
LeftForeArm : -2.04785 -18.2854 11.0988 -1 -1 -1 0 0 0
LeftHand : 0 0 0 -1 -1 -1 0 0 0
LeftHandThumb1 : 0.117825 26.4231 -0.427999 -1 -1 -1 0 0 0
LeftHip : 0 0 0 -1 -1 -1 0 0 0
LeftLeg : 24.4402 8.55197 2.1197 -1 -1 -1 0 0 0
LeftShoulder : 0 0 0 -1 -1 -1 0 0 0
LeftToeBase : 0.601368 0.216361 0.281003 -1 -1 -1 0 0 0
LeftUpLeg : -20.5386 1.03342 -16.6922 -1 -1 -1 0 0 0
Neck : -12.6017 0.56962 -1.99067 -1 -1 -1 0 0 0
RightArm : 13.9144 12.3052 85.9757 -1 -1 -1 0 0 0
RightFoot : -13.7888 2.35931 -0.754913 -1 -1 -1 0 0 0
RightForeArm : -3.12126 22.9363 -14.2706 -1 -1 -1 0 0 0
RightHand : 0 0 0 -1 -1 -1 0 0 0
RightHandThumb1 : -2.43491 -56.2692 8.84874 -1 -1 -1 0 0 0
RightHip : 0 0 0 -1 -1 -1 0 0 0
RightLeg : 25.9342 -9.04102 -2.4894 -1 -1 -1 0 0 0
RightShoulder : 0 0 0 -1 -1 -1 0 0 0
RightToeBase : 10.1236 -3.65126 -0.216906 -1 -1 -1 0 0 0
RightUpLeg : -20.022 3.6351 19.1295 -1 -1 -1 0 0 0
Spin : 2.13765 -0.471786 0.461112 -1 -1 -1 0 0 0
Spin1 : 5.09756 -0.784168 2.01523 -1 -1 -1 0 0 0
Spin2 : 4.00265 -0.335697 1.87892 -1 -1 -1 0 0 0
frame 5 26
Head : 12.7697 0.421471 0.498333 -1 -1 -1 0 0 0
Hips : 8.05947 -0.427515 -1.82791 0.311113 16.9236 -14.7522 0 0 0
LeftArm : 32.8043 -14.7124 -86.8643 -1 -1 -1 0 0 0
LeftFoot : -13.3582 0.00380099 0.817177 -1 -1 -1 0 0 0
LeftForeArm : -2.34691 -19.0542 11.7739 -1 -1 -1 0 0 0
LeftHand : 0 0 0 -1 -1 -1 0 0 0
LeftHandThumb1 : -0.0691795 25.8812 -0.157799 -1 -1 -1 0 0 0
LeftHip : 0 0 0 -1 -1 -1 0 0 0
LeftLeg : 25.7375 8.96786 2.57212 -1 -1 -1 0 0 0
LeftShoulder : 0 0 0 -1 -1 -1 0 0 0
LeftToeBase : 0.325517 0.121804 0.281119 -1 -1 -1 0 0 0
LeftUpLeg : -21.7016 0.789712 -16.5217 -1 -1 -1 0 0 0
Neck : -12.6703 0.632229 -1.93257 -1 -1 -1 0 0 0
RightArm : 14.1208 12.846 85.5797 -1 -1 -1 0 0 0
RightFoot : -14.0634 2.39909 -0.870944 -1 -1 -1 0 0 0
RightForeArm : -3.38626 23.4289 -14.6871 -1 -1 -1 0 0 0
RightHand : 0 0 0 -1 -1 -1 0 0 0
RightHandThumb1 : -2.28542 -56.1567 8.30143 -1 -1 -1 0 0 0
RightHip : 0 0 0 -1 -1 -1 0 0 0
RightLeg : 27.122 -9.55226 -3.09126 -1 -1 -1 0 0 0
RightShoulder : 0 0 0 -1 -1 -1 0 0 0
RightToeBase : 9.78086 -3.53927 -0.174454 -1 -1 -1 0 0 0
RightUpLeg : -21.1065 4.03743 19.0014 -1 -1 -1 0 0 0
Spin : 2.72104 -0.412542 0.4112 -1 -1 -1 0 0 0
Spin1 : 5.17891 -0.692879 2.03509 -1 -1 -1 0 0 0
Spin2 : 3.74871 -0.278458 1.96689 -1 -1 -1 0 0 0
frame 6 26
Head : 12.5255 0.454968 0.406978 -1 -1 -1 0 0 0
Hips : 8.44706 -0.558785 -1.90183 0.319817 16.6729 -14.8898 0 0 0
LeftArm : 32.4656 -14.6078 -86.4422 -1 -1 -1 0 0 0
LeftFoot : -13.9106 0.178506 0.983113 -1 -1 -1 0 0 0
LeftForeArm : -2.60307 -19.8078 12.4209 -1 -1 -1 0 0 0
LeftHand : 0 0 0 -1 -1 -1 0 0 0
LeftHandThumb1 : -0.171988 25.8799 -0.0776489 -1 -1 -1 0 0 0
LeftHip : 0 0 0 -1 -1 -1 0 0 0
LeftLeg : 27.2925 9.4691 3.2622 -1 -1 -1 0 0 0
LeftShoulder : 0 0 0 -1 -1 -1 0 0 0
LeftToeBase : 0.142707 0.048502 0.288067 -1 -1 -1 0 0 0
LeftUpLeg : -23.1185 0.432408 -16.2678 -1 -1 -1 0 0 0
Neck : -12.7203 0.693248 -1.81461 -1 -1 -1 0 0 0
RightArm : 13.8158 12.9594 85.3057 -1 -1 -1 0 0 0
RightFoot : -14.4168 2.54008 -1.02006 -1 -1 -1 0 0 0
RightForeArm : -3.53686 23.7534 -14.967 -1 -1 -1 0 0 0
RightHand : 0 0 0 -1 -1 -1 0 0 0
RightHandThumb1 : -2.21878 -56.1456 8.04346 -1 -1 -1 0 0 0
RightHip : 0 0 0 -1 -1 -1 0 0 0
RightLeg : 28.5404 -10.2972 -3.86998 -1 -1 -1 0 0 0
RightShoulder : 0 0 0 -1 -1 -1 0 0 0
RightToeBase : 9.45496 -3.30136 -0.141515 -1 -1 -1 0 0 0
RightUpLeg : -22.5479 4.4445 18.8379 -1 -1 -1 0 0 0
Spin : 3.31551 -0.323499 0.368825 -1 -1 -1 0 0 0
Spin1 : 5.3401 -0.624207 2.0581 -1 -1 -1 0 0 0
Spin2 : 3.51304 -0.205714 2.05841 -1 -1 -1 0 0 0
frame 7 26
Head : 12.2908 0.522565 0.305531 -1 -1 -1 0 0 0
Hips : 8.98293 -0.809849 -1.9267 0.317218 16.369 -15.0451 0 0 0
LeftArm : 31.6611 -14.0407 -86.033 -1 -1 -1 0 0 0
LeftFoot : -14.6245 0.463873 1.19506 -1 -1 -1 0 0 0
LeftForeArm : -2.73382 -20.2054 12.6953 -1 -1 -1 0 0 0
LeftHand : 0 0 0 -1 -1 -1 0 0 0
LeftHandThumb1 : -0.321954 25.802 0.0583125 -1 -1 -1 0 0 0
LeftHip : 0 0 0 -1 -1 -1 0 0 0
LeftLeg : 28.9887 10.118 4.13472 -1 -1 -1 0 0 0
LeftShoulder : 0 0 0 -1 -1 -1 0 0 0
LeftToeBase : -0.0778557 -0.0999723 0.39109 -1 -1 -1 0 0 0
LeftUpLeg : -24.5891 0.0923076 -15.9849 -1 -1 -1 0 0 0
Neck : -12.882 0.754095 -1.67174 -1 -1 -1 0 0 0
RightArm : 13.2834 12.4268 85.2012 -1 -1 -1 0 0 0
RightFoot : -14.8798 2.56481 -1.21553 -1 -1 -1 0 0 0
RightForeArm : -3.57593 23.8271 -15.0279 -1 -1 -1 0 0 0
RightHand : 0 0 0 -1 -1 -1 0 0 0
RightHandThumb1 : -2.24502 -56.3812 8.16032 -1 -1 -1 0 0 0
RightHip : 0 0 0 -1 -1 -1 0 0 0
RightLeg : 30.1438 -11.2646 -4.84266 -1 -1 -1 0 0 0
RightShoulder : 0 0 0 -1 -1 -1 0 0 0
RightToeBase : 9.07976 -2.966 -0.0990703 -1 -1 -1 0 0 0
RightUpLeg : -24.1122 5.05087 18.5453 -1 -1 -1 0 0 0
Spin : 4.01031 -0.170454 0.28471 -1 -1 -1 0 0 0
Spin1 : 5.60173 -0.512451 2.13536 -1 -1 -1 0 0 0
Spin2 : 3.30166 -0.0966439 2.18858 -1 -1 -1 0 0 0
frame 8 26
Head : 11.9591 0.561497 0.237658 -1 -1 -1 0 0 0
Hips : 9.74089 -0.973461 -1.89986 0.293659 16.0204 -15.2047 0 0 0
LeftArm : 30.9611 -12.937 -85.6705 -1 -1 -1 0 0 0
LeftFoot : -15.5433 0.786937 1.43566 -1 -1 -1 0 0 0
LeftForeArm : -2.62606 -20.042 12.5156 -1 -1 -1 0 0 0
LeftHand : 0 0 0 -1 -1 -1 0 0 0
LeftHandThumb1 : -0.418489 26.0983 0.214422 -1 -1 -1 0 0 0
LeftHip : 0 0 0 -1 -1 -1 0 0 0
LeftLeg : 30.8006 10.9894 5.15718 -1 -1 -1 0 0 0
LeftShoulder : 0 0 0 -1 -1 -1 0 0 0
LeftToeBase : -0.394623 -0.350699 0.524443 -1 -1 -1 0 0 0
LeftUpLeg : -26.2248 -0.406678 -15.7275 -1 -1 -1 0 0 0
Neck : -13.0391 0.772057 -1.55834 -1 -1 -1 0 0 0
RightArm : 12.6701 11.2687 85.1697 -1 -1 -1 0 0 0
RightFoot : -15.4617 2.57613 -1.51071 -1 -1 -1 0 0 0
RightForeArm : -3.50609 23.6342 -14.8787 -1 -1 -1 0 0 0
RightHand : 0 0 0 -1 -1 -1 0 0 0
RightHandThumb1 : -2.28972 -56.3812 8.44066 -1 -1 -1 0 0 0
RightHip : 0 0 0 -1 -1 -1 0 0 0
RightLeg : 31.9123 -12.2456 -5.9781 -1 -1 -1 0 0 0
RightShoulder : 0 0 0 -1 -1 -1 0 0 0
RightToeBase : 8.76712 -2.60015 -0.0647639 -1 -1 -1 0 0 0
RightUpLeg : -26.0888 5.65717 18.0828 -1 -1 -1 0 0 0
Spin : 4.73849 -0.0313213 0.215716 -1 -1 -1 0 0 0
Spin1 : 5.92116 -0.383767 2.1309 -1 -1 -1 0 0 0
Spin2 : 3.09492 -0.0437279 2.2604 -1 -1 -1 0 0 0
frame 9 26
Head : 11.5157 0.56325 0.120609 -1 -1 -1 0 0 0
Hips : 10.6513 -1.09952 -1.86729 0.310565 15.7224 -15.3579 0 0 0
LeftArm : 30.6496 -11.1969 -85.4544 -1 -1 -1 0 0 0
LeftFoot : -16.4648 0.959142 1.58219 -1 -1 -1 0 0 0
LeftForeArm : -2.37999 -19.5709 12.0608 -1 -1 -1 0 0 0
LeftHand : 0 0 0 -1 -1 -1 0 0 0
LeftHandThumb1 : -0.576978 26.355 0.361364 -1 -1 -1 0 0 0
LeftHip : 0 0 0 -1 -1 -1 0 0 0
LeftLeg : 32.5255 11.936 6.20999 -1 -1 -1 0 0 0
LeftShoulder : 0 0 0 -1 -1 -1 0 0 0
LeftToeBase : -0.61833 -0.576378 0.607746 -1 -1 -1 0 0 0
LeftUpLeg : -27.925 -0.911512 -15.4024 -1 -1 -1 0 0 0
Neck : -13.2432 0.826182 -1.48586 -1 -1 -1 0 0 0
RightArm : 12.2485 9.45471 85.1621 -1 -1 -1 0 0 0
RightFoot : -16.1592 2.71083 -1.78831 -1 -1 -1 0 0 0
RightForeArm : -3.35374 23.4145 -14.7046 -1 -1 -1 0 0 0
RightHand : 0 0 0 -1 -1 -1 0 0 0
RightHandThumb1 : -2.3507 -56.2958 8.81995 -1 -1 -1 0 0 0
RightHip : 0 0 0 -1 -1 -1 0 0 0
RightLeg : 33.7158 -13.2093 -7.22063 -1 -1 -1 0 0 0
RightShoulder : 0 0 0 -1 -1 -1 0 0 0
RightToeBase : 8.30841 -2.34542 -0.0865625 -1 -1 -1 0 0 0
RightUpLeg : -28.5533 6.35327 17.6028 -1 -1 -1 0 0 0
Spin : 5.60956 0.0204514 0.105183 -1 -1 -1 0 0 0
Spin1 : 6.24444 -0.208271 2.05589 -1 -1 -1 0 0 0
Spin2 : 2.82525 -0.0347566 2.35623 -1 -1 -1 0 0 0
frame 10 26
Head : 11.013 0.570657 0.0294357 -1 -1 -1 0 0 0
Hips : 11.7145 -1.14954 -1.86636 0.346324 15.3772 -15.487 0 0 0
LeftArm : 30.2211 -9.06149 -85.4099 -1 -1 -1 0 0 0
LeftFoot : -17.5698 0.863003 1.72181 -1 -1 -1 0 0 0
LeftForeArm : -2.0665 -18.8605 11.5959 -1 -1 -1 0 0 0
LeftHand : 0 0 0 -1 -1 -1 0 0 0
LeftHandThumb1 : -0.56834 26.3913 0.431521 -1 -1 -1 0 0 0
LeftHip : 0 0 0 -1 -1 -1 0 0 0
LeftLeg : 35.0332 12.9282 7.45449 -1 -1 -1 0 0 0
LeftShoulder : 0 0 0 -1 -1 -1 0 0 0
LeftToeBase : -0.863181 -0.773777 0.600872 -1 -1 -1 0 0 0
LeftUpLeg : -30.2887 -1.47535 -15.0065 -1 -1 -1 0 0 0
Neck : -13.5597 0.906449 -1.40642 -1 -1 -1 0 0 0
RightArm : 12.0011 7.20065 85.2226 -1 -1 -1 0 0 0
RightFoot : -17.0845 2.7963 -2.03043 -1 -1 -1 0 0 0
RightForeArm : -3.14011 23.0569 -14.3038 -1 -1 -1 0 0 0
RightHand : 0 0 0 -1 -1 -1 0 0 0
RightHandThumb1 : -2.45951 -56.2124 9.08639 -1 -1 -1 0 0 0
RightHip : 0 0 0 -1 -1 -1 0 0 0
RightLeg : 36.3261 -14.1727 -8.69629 -1 -1 -1 0 0 0
RightShoulder : 0 0 0 -1 -1 -1 0 0 0
RightToeBase : 7.54325 -2.11397 -0.270297 -1 -1 -1 0 0 0
RightUpLeg : -31.8863 6.95006 16.8934 -1 -1 -1 0 0 0
Spin : 6.77494 0.0583965 -0.102954 -1 -1 -1 0 0 0
Spin1 : 6.55178 -0.0506908 2.0204 -1 -1 -1 0 0 0
Spin2 : 2.50666 0.0275514 2.49551 -1 -1 -1 0 0 0
frame 11 26
Head : 10.4685 0.549017 -0.0252574 -1 -1 -1 0 0 0
Hips : 12.8539 -1.1613 -1.81418 0.361453 15.0898 -15.5952 0 0 0
LeftArm : 29.8772 -6.56598 -85.4301 -1 -1 -1 0 0 0
LeftFoot : -18.8633 0.574876 1.7899 -1 -1 -1 0 0 0
LeftForeArm : -1.81415 -18.3334 11.2448 -1 -1 -1 0 0 0
LeftHand : 0 0 0 -1 -1 -1 0 0 0
LeftHandThumb1 : -0.504096 25.9499 0.488633 -1 -1 -1 0 0 0
LeftHip : 0 0 0 -1 -1 -1 0 0 0
LeftLeg : 38.4396 13.8552 8.87583 -1 -1 -1 0 0 0
LeftShoulder : 0 0 0 -1 -1 -1 0 0 0
LeftToeBase : -1.49073 -0.992041 0.301271 -1 -1 -1 0 0 0
LeftUpLeg : -33.4096 -1.84756 -14.6077 -1 -1 -1 0 0 0
Neck : -13.9835 0.964865 -1.29254 -1 -1 -1 0 0 0
RightArm : 11.2758 4.77805 85.3242 -1 -1 -1 0 0 0
RightFoot : -18.1979 2.92783 -2.27178 -1 -1 -1 0 0 0
RightForeArm : -2.95728 22.5312 -13.8819 -1 -1 -1 0 0 0
RightHand : 0 0 0 -1 -1 -1 0 0 0
RightHandThumb1 : -2.45035 -56.0222 9.27259 -1 -1 -1 0 0 0
RightHip : 0 0 0 -1 -1 -1 0 0 0
RightLeg : 39.7428 -15.0976 -10.1717 -1 -1 -1 0 0 0
RightShoulder : 0 0 0 -1 -1 -1 0 0 0
RightToeBase : 6.50476 -1.84573 -0.402994 -1 -1 -1 0 0 0
RightUpLeg : -35.4846 7.72473 16.2934 -1 -1 -1 0 0 0
Spin : 8.14042 0.128602 -0.345255 -1 -1 -1 0 0 0
Spin1 : 6.85533 -0.0030002 2.08291 -1 -1 -1 0 0 0
Spin2 : 2.13462 0.126438 2.79301 -1 -1 -1 0 0 0
frame 12 26
Head : 9.94875 0.494384 -0.0785795 -1 -1 -1 0 0 0
Hips : 13.9192 -1.14758 -1.92746 0.342701 14.8878 -15.6829 0 0 0
LeftArm : 29.6719 -3.70954 -85.4831 -1 -1 -1 0 0 0
LeftFoot : -20.3379 0.35009 1.83878 -1 -1 -1 0 0 0
LeftForeArm : -1.62724 -18.1154 10.9924 -1 -1 -1 0 0 0
LeftHand : 0 0 0 -1 -1 -1 0 0 0
LeftHandThumb1 : -0.294066 26.2908 0.610313 -1 -1 -1 0 0 0
LeftHip : 0 0 0 -1 -1 -1 0 0 0
LeftLeg : 42.2719 14.7061 10.3816 -1 -1 -1 0 0 0
LeftShoulder : 0 0 0 -1 -1 -1 0 0 0
LeftToeBase : -2.21639 -1.32808 0.280125 -1 -1 -1 0 0 0
LeftUpLeg : -36.9394 -2.37863 -13.9407 -1 -1 -1 0 0 0
Neck : -14.3592 0.912438 -1.22122 -1 -1 -1 0 0 0
RightArm : 10.2708 2.05645 85.547 -1 -1 -1 0 0 0
RightFoot : -19.3517 3.02486 -2.50175 -1 -1 -1 0 0 0
RightForeArm : -2.86399 22.3198 -13.7479 -1 -1 -1 0 0 0
RightHand : 0 0 0 -1 -1 -1 0 0 0
RightHandThumb1 : -2.45986 -55.9254 9.33782 -1 -1 -1 0 0 0
RightHip : 0 0 0 -1 -1 -1 0 0 0
RightLeg : 43.4481 -15.9309 -11.4502 -1 -1 -1 0 0 0
RightShoulder : 0 0 0 -1 -1 -1 0 0 0
RightToeBase : 5.64184 -1.23378 -0.341625 -1 -1 -1 0 0 0
RightUpLeg : -39.4411 8.54531 15.5367 -1 -1 -1 0 0 0
Spin : 9.59795 0.251087 -0.524612 -1 -1 -1 0 0 0
Spin1 : 7.05727 0.00910898 2.2985 -1 -1 -1 0 0 0
Spin2 : 1.70105 0.171781 3.15909 -1 -1 -1 0 0 0
frame 13 26
Head : 9.46385 0.459266 -0.130402 -1 -1 -1 0 0 0
Hips : 14.8375 -1.171 -1.9476 0.287214 14.7863 -15.7599 0 0 0
LeftArm : 29.2421 -0.893344 -85.7152 -1 -1 -1 0 0 0
LeftFoot : -22.1349 0.461613 1.91084 -1 -1 -1 0 0 0
LeftForeArm : -1.36898 -17.8515 10.7051 -1 -1 -1 0 0 0
LeftHand : 0 0 0 -1 -1 -1 0 0 0
LeftHandThumb1 : -0.11707 26.5268 0.372977 -1 -1 -1 0 0 0
LeftHip : 0 0 0 -1 -1 -1 0 0 0
LeftLeg : 46.3258 15.4823 11.613 -1 -1 -1 0 0 0
LeftShoulder : 0 0 0 -1 -1 -1 0 0 0
LeftToeBase : -2.72792 -2.13523 0.193188 -1 -1 -1 0 0 0
LeftUpLeg : -40.7464 -3.11364 -13.3086 -1 -1 -1 0 0 0
Neck : -14.7286 0.820392 -1.19121 -1 -1 -1 0 0 0
RightArm : 9.10939 -0.691512 85.9338 -1 -1 -1 0 0 0
RightFoot : -20.7415 2.89685 -2.71034 -1 -1 -1 0 0 0
RightForeArm : -2.72764 22.3262 -13.7982 -1 -1 -1 0 0 0
RightHand : 0 0 0 -1 -1 -1 0 0 0
RightHandThumb1 : -2.51956 -55.8184 9.50953 -1 -1 -1 0 0 0
RightHip : 0 0 0 -1 -1 -1 0 0 0
RightLeg : 47.4342 -16.5717 -12.6523 -1 -1 -1 0 0 0
RightShoulder : 0 0 0 -1 -1 -1 0 0 0
RightToeBase : 5.30212 -1.00389 -1.30787 -1 -1 -1 0 0 0
RightUpLeg : -43.4491 9.39977 14.6518 -1 -1 -1 0 0 0
Spin : 11.0262 0.339001 -0.617355 -1 -1 -1 0 0 0
Spin1 : 7.15839 0.100345 2.49111 -1 -1 -1 0 0 0
Spin2 : 1.22351 0.244783 3.36741 -1 -1 -1 0 0 0
frame 14 26
Head : 9.01285 0.509817 -0.150269 -1 -1 -1 0 0 0
Hips : 15.9076 -1.1869 -1.89096 0.267937 14.7621 -15.807 0 0 0
LeftArm : 28.8237 1.99423 -86.149 -1 -1 -1 0 0 0
LeftFoot : -24.3589 0.705502 1.92343 -1 -1 -1 0 0 0
LeftForeArm : -1.08208 -17.5922 10.3856 -1 -1 -1 0 0 0
LeftHand : 0 0 0 -1 -1 -1 0 0 0
LeftHandThumb1 : 0.139478 25.8949 0.580847 -1 -1 -1 0 0 0
LeftHip : 0 0 0 -1 -1 -1 0 0 0
LeftLeg : 50.3467 16.1645 12.804 -1 -1 -1 0 0 0
LeftShoulder : 0 0 0 -1 -1 -1 0 0 0
LeftToeBase : -3.09584 -2.6271 0.105095 -1 -1 -1 0 0 0
LeftUpLeg : -44.5822 -3.95543 -12.5887 -1 -1 -1 0 0 0
Neck : -15.1713 0.720359 -1.17 -1 -1 -1 0 0 0
RightArm : 8.09648 -3.46139 86.4229 -1 -1 -1 0 0 0
RightFoot : -22.5097 1.92563 -2.87458 -1 -1 -1 0 0 0
RightForeArm : -2.53349 22.314 -13.7159 -1 -1 -1 0 0 0
RightHand : 0 0 0 -1 -1 -1 0 0 0
RightHandThumb1 : -2.40666 -55.6032 9.22346 -1 -1 -1 0 0 0
RightHip : 0 0 0 -1 -1 -1 0 0 0
RightLeg : 51.56 -16.9405 -13.4989 -1 -1 -1 0 0 0
RightShoulder : 0 0 0 -1 -1 -1 0 0 0
RightToeBase : 4.92607 -0.55132 -1.09074 -1 -1 -1 0 0 0
RightUpLeg : -47.3804 10.2809 13.6307 -1 -1 -1 0 0 0
Spin : 12.7502 0.320711 -0.686385 -1 -1 -1 0 0 0
Spin1 : 7.17693 0.216712 2.61929 -1 -1 -1 0 0 0
Spin2 : 0.672995 0.261778 3.46038 -1 -1 -1 0 0 0
frame 15 26
Head : 8.65915 0.497837 -0.201275 -1 -1 -1 0 0 0
Hips : 17.2207 -1.04575 -1.81271 0.273966 14.8908 -15.7719 0 0 0
LeftArm : 28.2121 4.72184 -86.7269 -1 -1 -1 0 0 0
LeftFoot : -25.8917 1.20566 1.89792 -1 -1 -1 0 0 0
LeftForeArm : -0.850531 -17.0715 10.042 -1 -1 -1 0 0 0
LeftHand : 0 0 0 -1 -1 -1 0 0 0
LeftHandThumb1 : 0.731867 25.6045 0.359473 -1 -1 -1 0 0 0
LeftHip : 0 0 0 -1 -1 -1 0 0 0
LeftLeg : 54.3965 16.5991 13.6412 -1 -1 -1 0 0 0
LeftShoulder : 0 0 0 -1 -1 -1 0 0 0
LeftToeBase : -3.63795 -2.79017 0.356612 -1 -1 -1 0 0 0
LeftUpLeg : -48.2837 -5.02723 -11.9557 -1 -1 -1 0 0 0
Neck : -15.6007 0.588501 -1.11555 -1 -1 -1 0 0 0
RightArm : 7.32583 -5.92503 86.7185 -1 -1 -1 0 0 0
RightFoot : -24.8949 0.679472 -2.7633 -1 -1 -1 0 0 0
RightForeArm : -2.33257 22.1783 -13.6663 -1 -1 -1 0 0 0
RightHand : 0 0 0 -1 -1 -1 0 0 0
RightHandThumb1 : -2.51954 -55.3684 9.36243 -1 -1 -1 0 0 0
RightHip : 0 0 0 -1 -1 -1 0 0 0
RightLeg : 55.8062 -17.2045 -13.9584 -1 -1 -1 0 0 0
RightShoulder : 0 0 0 -1 -1 -1 0 0 0
RightToeBase : 3.88721 -0.377038 -0.665384 -1 -1 -1 0 0 0
RightUpLeg : -51.2097 11.1118 12.6596 -1 -1 -1 0 0 0
Spin : 14.5381 0.349848 -0.956871 -1 -1 -1 0 0 0
Spin1 : 7.02195 0.298767 2.77775 -1 -1 -1 0 0 0
Spin2 : -0.155903 0.143632 3.58773 -1 -1 -1 0 0 0
frame 16 26
Head : 8.32795 0.414595 -0.16946 -1 -1 -1 0 0 0
Hips : 18.6639 -0.776739 -1.70847 0.328669 15.2632 -15.6036 0 0 0
LeftArm : 27.8604 7.09336 -87.1223 -1 -1 -1 0 0 0
LeftFoot : -26.8654 2.33281 1.41174 -1 -1 -1 0 0 0
LeftForeArm : -0.760495 -16.3962 9.50094 -1 -1 -1 0 0 0
LeftHand : 0 0 0 -1 -1 -1 0 0 0
LeftHandThumb1 : 1.10562 25.5197 0.186633 -1 -1 -1 0 0 0
LeftHip : 0 0 0 -1 -1 -1 0 0 0
LeftLeg : 58.3558 16.9528 14.0459 -1 -1 -1 0 0 0
LeftShoulder : 0 0 0 -1 -1 -1 0 0 0
LeftToeBase : -5.69039 -2.6165 0.109638 -1 -1 -1 0 0 0
LeftUpLeg : -51.4675 -6.28466 -11.2316 -1 -1 -1 0 0 0
Neck : -16.296 0.473647 -1.14581 -1 -1 -1 0 0 0
RightArm : 7.17721 -8.22345 86.8144 -1 -1 -1 0 0 0
RightFoot : -27.0126 -0.464818 -2.60164 -1 -1 -1 0 0 0
RightForeArm : -2.11748 22.0891 -13.5891 -1 -1 -1 0 0 0
RightHand : 0 0 0 -1 -1 -1 0 0 0
RightHandThumb1 : -2.56422 -55.2253 9.73022 -1 -1 -1 0 0 0
RightHip : 0 0 0 -1 -1 -1 0 0 0
RightLeg : 59.9759 -17.3396 -13.9743 -1 -1 -1 0 0 0
RightShoulder : 0 0 0 -1 -1 -1 0 0 0
RightToeBase : 3.17668 -0.594905 -0.354814 -1 -1 -1 0 0 0
RightUpLeg : -54.9899 12.0004 11.7187 -1 -1 -1 0 0 0
Spin : 16.31 0.256696 -1.14443 -1 -1 -1 0 0 0
Spin1 : 6.34005 0.326873 2.87795 -1 -1 -1 0 0 0
Spin2 : -1.21576 -0.0589365 3.60072 -1 -1 -1 0 0 0
frame 17 26
Head : 8.06922 0.346988 -0.0810182 -1 -1 -1 0 0 0
Hips : 20.5681 -0.42015 -1.74247 0.386982 15.9683 -15.2595 0 0 0
LeftArm : 27.058 8.29199 -87.2192 -1 -1 -1 0 0 0
LeftFoot : -27.6886 3.29861 1.32917 -1 -1 -1 0 0 0
LeftForeArm : -0.828926 -15.3817 8.39417 -1 -1 -1 0 0 0
LeftHand : 0 0 0 -1 -1 -1 0 0 0
LeftHandThumb1 : 1.34453 25.7967 -0.742939 -1 -1 -1 0 0 0
LeftHip : 0 0 0 -1 -1 -1 0 0 0
LeftLeg : 62.0281 17.1952 14.0089 -1 -1 -1 0 0 0
LeftShoulder : 0 0 0 -1 -1 -1 0 0 0
LeftToeBase : -6.97629 -2.13064 0.236174 -1 -1 -1 0 0 0
LeftUpLeg : -54.5039 -7.54707 -10.5458 -1 -1 -1 0 0 0
Neck : -17.2442 0.549576 -1.35487 -1 -1 -1 0 0 0
RightArm : 6.82632 -9.673 86.5055 -1 -1 -1 0 0 0
RightFoot : -28.5806 -1.52681 -2.21223 -1 -1 -1 0 0 0
RightForeArm : -1.96965 21.567 -13.1655 -1 -1 -1 0 0 0
RightHand : 0 0 0 -1 -1 -1 0 0 0
RightHandThumb1 : -2.63605 -54.9312 9.81025 -1 -1 -1 0 0 0
RightHip : 0 0 0 -1 -1 -1 0 0 0
RightLeg : 63.7167 -17.4207 -13.4142 -1 -1 -1 0 0 0
RightShoulder : 0 0 0 -1 -1 -1 0 0 0
RightToeBase : 2.37891 -0.908003 -0.301011 -1 -1 -1 0 0 0
RightUpLeg : -58.0378 12.6876 10.9768 -1 -1 -1 0 0 0
Spin : 17.9478 0.111436 -1.19547 -1 -1 -1 0 0 0
Spin1 : 5.60031 0.355969 2.90407 -1 -1 -1 0 0 0
Spin2 : -2.12938 -0.123326 3.85864 -1 -1 -1 0 0 0
frame 18 26
Head : 7.9905 0.315555 -0.0557424 -1 -1 -1 0 0 0
Hips : 22.5177 -0.165912 -1.63959 0.445443 16.8567 -14.7168 0 0 0
LeftArm : 24.9869 7.8678 -86.9997 -1 -1 -1 0 0 0
LeftFoot : -28.3832 3.89328 2.2738 -1 -1 -1 0 0 0
LeftForeArm : -0.920034 -13.4952 6.83871 -1 -1 -1 0 0 0
LeftHand : 0 0 0 -1 -1 -1 0 0 0
LeftHandThumb1 : 0.472919 25.4021 -1.91229 -1 -1 -1 0 0 0
LeftHip : 0 0 0 -1 -1 -1 0 0 0
LeftLeg : 64.2496 17.3642 13.4259 -1 -1 -1 0 0 0
LeftShoulder : 0 0 0 -1 -1 -1 0 0 0
LeftToeBase : -7.39927 -1.88313 0.242389 -1 -1 -1 0 0 0
LeftUpLeg : -57.0485 -8.59113 -9.95964 -1 -1 -1 0 0 0
Neck : -18.264 0.606887 -1.50385 -1 -1 -1 0 0 0
RightArm : 6.00307 -9.62209 85.9829 -1 -1 -1 0 0 0
RightFoot : -29.9075 -2.28724 -1.4901 -1 -1 -1 0 0 0
RightForeArm : -2.26611 20.982 -12.6498 -1 -1 -1 0 0 0
RightHand : 0 0 0 -1 -1 -1 0 0 0
RightHandThumb1 : -2.59582 -54.9001 10.0862 -1 -1 -1 0 0 0
RightHip : 0 0 0 -1 -1 -1 0 0 0
RightLeg : 65.8592 -17.4523 -11.817 -1 -1 -1 0 0 0
RightShoulder : 0 0 0 -1 -1 -1 0 0 0
RightToeBase : 1.60274 -1.17301 -0.445279 -1 -1 -1 0 0 0
RightUpLeg : -60.8951 13.4088 9.98565 -1 -1 -1 0 0 0
Spin : 18.9759 0.00816992 -1.15593 -1 -1 -1 0 0 0
Spin1 : 4.90501 0.170351 2.99596 -1 -1 -1 0 0 0
Spin2 : -2.88493 -0.179835 3.74015 -1 -1 -1 0 0 0
frame 19 26
Head : 7.93864 0.304383 -0.106928 -1 -1 -1 0 0 0
Hips : 23.8252 0.0720813 -1.45097 0.490947 17.6935 -13.84 0 0 0
LeftArm : 25.4167 6.60063 -86.2749 -1 -1 -1 0 0 0
LeftFoot : -28.8698 5.3731 1.76895 -1 -1 -1 0 0 0
LeftForeArm : -1.3035 -11.9253 6.24328 -1 -1 -1 0 0 0
LeftHand : 0 0 0 -1 -1 -1 0 0 0
LeftHandThumb1 : -0.683901 25.6138 -1.79384 -1 -1 -1 0 0 0
LeftHip : 0 0 0 -1 -1 -1 0 0 0
LeftLeg : 66.0661 17.4329 11.649 -1 -1 -1 0 0 0
LeftShoulder : 0 0 0 -1 -1 -1 0 0 0
LeftToeBase : -7.32262 -2.16012 0.243345 -1 -1 -1 0 0 0
LeftUpLeg : -59.3897 -9.86669 -9.9401 -1 -1 -1 0 0 0
Neck : -19.3312 0.513329 -1.5077 -1 -1 -1 0 0 0
RightArm : 5.85018 -8.56492 85.3346 -1 -1 -1 0 0 0
RightFoot : -30.8843 -2.81056 -2.04381 -1 -1 -1 0 0 0
RightForeArm : -2.7154 21.3776 -12.8335 -1 -1 -1 0 0 0
RightHand : 0 0 0 -1 -1 -1 0 0 0
RightHandThumb1 : -2.40653 -55.1322 10.1926 -1 -1 -1 0 0 0
RightHip : 0 0 0 -1 -1 -1 0 0 0
RightLeg : 67.5033 -17.2631 -9.83323 -1 -1 -1 0 0 0
RightShoulder : 0 0 0 -1 -1 -1 0 0 0
RightToeBase : 1.44575 -0.952937 -0.350611 -1 -1 -1 0 0 0
RightUpLeg : -62.6125 14.109 9.09192 -1 -1 -1 0 0 0
Spin : 19.8602 -0.0183754 -1.15093 -1 -1 -1 0 0 0
Spin1 : 4.18306 0.00130273 2.80047 -1 -1 -1 0 0 0
Spin2 : -3.88762 -0.261717 3.17136 -1 -1 -1 0 0 0
frame 20 26
Head : 8.22442 0.196863 -0.0716605 -1 -1 -1 0 0 0
Hips : 23.4279 0.378013 -1.11326 0.527816 18.3737 -12.7204 0 0 0
LeftArm : 27.0301 3.9319 -85.22 -1 -1 -1 0 0 0
LeftFoot : -28.424 6.68144 1.36655 -1 -1 -1 0 0 0
LeftForeArm : -2.48833 -13.6312 8.89906 -1 -1 -1 0 0 0
LeftHand : 0 0 0 -1 -1 -1 0 0 0
LeftHandThumb1 : -0.702372 26.3368 -1.83433 -1 -1 -1 0 0 0
LeftHip : 0 0 0 -1 -1 -1 0 0 0
LeftLeg : 64.8336 17.1012 9.05898 -1 -1 -1 0 0 0
LeftShoulder : 0 0 0 -1 -1 -1 0 0 0
LeftToeBase : -7.56975 -3.47357 0.0289125 -1 -1 -1 0 0 0
LeftUpLeg : -58.8788 -10.3655 -11.0108 -1 -1 -1 0 0 0
Neck : -20.2292 0.437699 -1.49196 -1 -1 -1 0 0 0
RightArm : 6.91194 -6.48776 84.1415 -1 -1 -1 0 0 0
RightFoot : -30.3425 -2.79133 -1.71349 -1 -1 -1 0 0 0
RightForeArm : -3.53103 23.0456 -14.0244 -1 -1 -1 0 0 0
RightHand : 0 0 0 -1 -1 -1 0 0 0
RightHandThumb1 : -2.22739 -55.3234 10.0472 -1 -1 -1 0 0 0
RightHip : 0 0 0 -1 -1 -1 0 0 0
RightLeg : 66.1022 -16.0806 -8.20333 -1 -1 -1 0 0 0
RightShoulder : 0 0 0 -1 -1 -1 0 0 0
RightToeBase : 0.527977 0.56574 -0.407198 -1 -1 -1 0 0 0
RightUpLeg : -60.2008 13.7763 9.52556 -1 -1 -1 0 0 0
Spin : 20.0146 -0.235647 -1.37931 -1 -1 -1 0 0 0
Spin1 : 4.13876 -0.249464 2.43105 -1 -1 -1 0 0 0
Spin2 : -5.16245 -0.259578 2.89869 -1 -1 -1 0 0 0
frame 21 26
Head : 8.38123 -0.00727813 0.103621 -1 -1 -1 0 0 0
Hips : 19.7542 1.18879 -1.20825 0.532065 18.4981 -11.4147 0 0 0
LeftArm : 24.0381 -3.10547 -85.1947 -1 -1 -1 0 0 0
LeftFoot : -24.6187 7.23327 0.823037 -1 -1 -1 0 0 0
LeftForeArm : -3.15317 -17.6474 11.8479 -1 -1 -1 0 0 0
LeftHand : 0 0 0 -1 -1 -1 0 0 0
LeftHandThumb1 : -1.06828 26.2911 0.398517 -1 -1 -1 0 0 0
LeftHip : 0 0 0 -1 -1 -1 0 0 0
LeftLeg : 60.3401 15.4876 6.45416 -1 -1 -1 0 0 0
LeftShoulder : 0 0 0 -1 -1 -1 0 0 0
LeftToeBase : -4.6183 -1.79072 0.02561 -1 -1 -1 0 0 0
LeftUpLeg : -54.606 -9.57893 -11.6099 -1 -1 -1 0 0 0
Neck : -19.7119 0.219999 -1.85721 -1 -1 -1 0 0 0
RightArm : 9.46426 -1.4072 83.004 -1 -1 -1 0 0 0
RightFoot : -27.7272 -4.18232 -1.03857 -1 -1 -1 0 0 0
RightForeArm : -4.1081 23.0476 -14.457 -1 -1 -1 0 0 0
RightHand : 0 0 0 -1 -1 -1 0 0 0
RightHandThumb1 : -1.65122 -55.0842 9.63866 -1 -1 -1 0 0 0
RightHip : 0 0 0 -1 -1 -1 0 0 0
RightLeg : 61.3367 -13.9695 -7.40719 -1 -1 -1 0 0 0
RightShoulder : 0 0 0 -1 -1 -1 0 0 0
RightToeBase : 0.148746 2.36258 -0.414852 -1 -1 -1 0 0 0
RightUpLeg : -52.7129 12.0999 11.874 -1 -1 -1 0 0 0
Spin : 18.4391 -0.33261 -1.39935 -1 -1 -1 0 0 0
Spin1 : 4.93014 -0.174347 2.25102 -1 -1 -1 0 0 0
Spin2 : -5.52331 -0.342394 2.72521 -1 -1 -1 0 0 0
