importances 26
Head : 0.127651
Hips : 0
LeftArm : 0.39299
LeftFoot : 0.483246
LeftForeArm : 0.449197
LeftHand : 0
LeftHandThumb1 : 0
LeftHip : 0
LeftLeg : 0.508934
LeftShoulder : 0
LeftToeBase : 0.224793
LeftUpLeg : 0.230916
Neck : 0
RightArm : 0.458164
RightFoot : 0.493561
RightForeArm : 0.44083
RightHand : 0
RightHandThumb1 : 0
RightHip : 0
RightLeg : 0.545808
RightShoulder : 0
RightToeBase : 0.174822
RightUpLeg : 0.215324
Spin : 0
Spin1 : 0.113713
Spin2 : 0.188074
offsets 26
Head : 1.57486
Hips : 0
LeftArm : 3.50323
LeftFoot : 7.43097
LeftForeArm : 4.63208
LeftHand : 3.41924
LeftHandThumb1 : 0
LeftHip : 0
LeftLeg : 6.43538
LeftShoulder : 0
LeftToeBase : 1.78438
LeftUpLeg : 2.29034
Neck : 0
RightArm : 3.91997
RightFoot : 6.86532
RightForeArm : 4.4064
RightHand : 3.44675
RightHandThumb1 : 0
RightHip : 0
RightLeg : 6.63488
RightShoulder : 0
RightToeBase : 1.77126
RightUpLeg : 2.43143
Spin : 0
Spin1 : 2.02077
Spin2 : 2.01413
frame 0 26
Head : 9.9086 -1.54796 2.20965 -1 -1 -1 0 0 0
Hips : 12.0026 178.185 -0.072 9.10739 16.638 23.386 0 0 0
LeftArm : 20.7226 -0.973875 -91.6375 -1 -1 -1 0 0 0
LeftFoot : -14.2101 -1.52763 0.599913 -1 -1 -1 0 0 0
LeftForeArm : -1.26098 -15.4884 9.20972 -1 -1 -1 0 0 0
LeftHand : 0 0 0 -1 -1 -1 0 0 0
LeftHandThumb1 : -0.638138 9.75171 0.73 -1 -1 -1 0 0 0
LeftHip : 0 0 0 -1 -1 -1 0 0 0
LeftLeg : 8.82854 3.19578 0.254287 -1 -1 -1 0 0 0
LeftShoulder : 0 0 0 -1 -1 -1 0 0 0
LeftToeBase : -54.2984 -16.4434 8.50215 -1 -1 -1 0 0 0
LeftUpLeg : -7.08298 -11.3816 -19.6742 -1 -1 -1 0 0 0
Neck : -6.78995 1.01144 -3.56558 -1 -1 -1 0 0 0
RightArm : -6.7285 -6.77029 93.423 -1 -1 -1 0 0 0
RightFoot : -11.1735 0.7741 -0.397788 -1 -1 -1 0 0 0
RightForeArm : -3.23806 24.0073 -14.9435 -1 -1 -1 0 0 0
RightHand : 0 0 0 -1 -1 -1 0 0 0
RightHandThumb1 : -8.85441 -68.7052 15.4469 -1 -1 -1 0 0 0
RightHip : 0 0 0 -1 -1 -1 0 0 0
RightLeg : 7.80615 -2.83003 -0.1932 -1 -1 -1 0 0 0
RightShoulder : 0 0 0 -1 -1 -1 0 0 0
RightToeBase : -11.691 4.19175 -0.5324 -1 -1 -1 0 0 0
RightUpLeg : -8.23318 4.44048 20.0627 -1 -1 -1 0 0 0
Spin : -9.4204 1.61454 -6.89366 -1 -1 -1 0 0 0
Spin1 : 0.42295 2.86912 1.6397 -1 -1 -1 0 0 0
Spin2 : 5.32746 1.2101 6.02126 -1 -1 -1 0 0 0
frame 1 26
Head : 10.7917 -1.29417 2.33731 -1 -1 -1 0 0 0
Hips : 11.9435 178.302 0.00875 9.10313 16.6127 23.3592 0 0 0
LeftArm : 21.5962 -1.37235 -90.9535 -1 -1 -1 0 0 0
LeftFoot : -13.5345 -2.44544 0.560525 -1 -1 -1 0 0 0
LeftForeArm : -1.31705 -15.7184 9.36036 -1 -1 -1 0 0 0
LeftHand : 0 0 0 -1 -1 -1 0 0 0
LeftHandThumb1 : -0.72775 9.87171 0.871912 -1 -1 -1 0 0 0
LeftHip : 0 0 0 -1 -1 -1 0 0 0
LeftLeg : 8.03939 2.91255 0.215088 -1 -1 -1 0 0 0
LeftShoulder : 0 0 0 -1 -1 -1 0 0 0
LeftToeBase : -51.9374 -15.9752 7.83374 -1 -1 -1 0 0 0
LeftUpLeg : -6.69492 -10.76 -19.5695 -1 -1 -1 0 0 0
Neck : -8.43325 1.51902 -2.99106 -1 -1 -1 0 0 0
RightArm : -7.74093 -6.58239 94.2375 -1 -1 -1 0 0 0
RightFoot : -13.6818 2.28396 -0.581325 -1 -1 -1 0 0 0
RightForeArm : -3.01284 23.3342 -14.4372 -1 -1 -1 0 0 0
RightHand : 0 0 0 -1 -1 -1 0 0 0
RightHandThumb1 : -7.91159 -66.9496 14.6773 -1 -1 -1 0 0 0
RightHip : 0 0 0 -1 -1 -1 0 0 0
RightLeg : 7.78251 -2.82157 -0.2104 -1 -1 -1 0 0 0
RightShoulder : 0 0 0 -1 -1 -1 0 0 0
RightToeBase : -16.8464 6.01137 -0.91835 -1 -1 -1 0 0 0
RightUpLeg : -8.00055 4.54815 20.2081 -1 -1 -1 0 0 0
Spin : -9.54815 1.70664 -6.11308 -1 -1 -1 0 0 0
Spin1 : 0.405425 2.9309 1.25915 -1 -1 -1 0 0 0
Spin2 : 5.41901 1.26979 5.17849 -1 -1 -1 0 0 0
frame 2 26
Head : 10.9842 -1.3137 2.09224 -1 -1 -1 0 0 0
Hips : 11.9195 178.423 -0.035 9.09749 16.5711 23.3361 0 0 0
LeftArm : 22.1777 -1.51885 -90.6968 -1 -1 -1 0 0 0
LeftFoot : -13.5222 -2.46859 0.56915 -1 -1 -1 0 0 0
LeftForeArm : -1.40361 -16.1397 9.63499 -1 -1 -1 0 0 0
LeftHand : 0 0 0 -1 -1 -1 0 0 0
LeftHandThumb1 : -0.796263 10.6264 0.964725 -1 -1 -1 0 0 0
LeftHip : 0 0 0 -1 -1 -1 0 0 0
LeftLeg : 8.06295 2.92644 0.220188 -1 -1 -1 0 0 0
LeftShoulder : 0 0 0 -1 -1 -1 0 0 0
LeftToeBase : -51.6518 -15.9243 7.76269 -1 -1 -1 0 0 0
LeftUpLeg : -6.56321 -10.8965 -19.6602 -1 -1 -1 0 0 0
Neck : -8.62751 1.53258 -2.64784 -1 -1 -1 0 0 0
RightArm : -8.43565 -6.6529 94.2881 -1 -1 -1 0 0 0
RightFoot : -13.8107 2.16421 -0.598062 -1 -1 -1 0 0 0
RightForeArm : -2.915 23.0043 -14.1996 -1 -1 -1 0 0 0
RightHand : 0 0 0 -1 -1 -1 0 0 0
RightHandThumb1 : -9.15881 -67.391 16.4813 -1 -1 -1 0 0 0
RightHip : 0 0 0 -1 -1 -1 0 0 0
RightLeg : 7.85209 -2.84655 -0.2127 -1 -1 -1 0 0 0
RightShoulder : 0 0 0 -1 -1 -1 0 0 0
RightToeBase : -17.8116 6.34669 -1.01149 -1 -1 -1 0 0 0
RightUpLeg : -7.98172 4.39458 20.1652 -1 -1 -1 0 0 0
Spin : -9.61392 1.72414 -6.05491 -1 -1 -1 0 0 0
Spin1 : 0.331788 2.95177 1.26744 -1 -1 -1 0 0 0
Spin2 : 5.37728 1.27996 5.15773 -1 -1 -1 0 0 0
frame 3 26
Head : 10.2897 -1.24429 2.48943 -1 -1 -1 0 0 0
Hips : 11.9283 178.425 0.042625 9.08453 16.5084 23.3254 0 0 0
LeftArm : 21.9318 -1.86357 -90.4716 -1 -1 -1 0 0 0
LeftFoot : -13.6509 -2.4119 0.603812 -1 -1 -1 0 0 0
LeftForeArm : -1.3501 -15.8874 9.4723 -1 -1 -1 0 0 0
LeftHand : 0 0 0 -1 -1 -1 0 0 0
LeftHandThumb1 : -0.782487 10.4056 0.963837 -1 -1 -1 0 0 0
LeftHip : 0 0 0 -1 -1 -1 0 0 0
LeftLeg : 8.23344 2.98821 0.261887 -1 -1 -1 0 0 0
LeftShoulder : 0 0 0 -1 -1 -1 0 0 0
LeftToeBase : -51.6914 -15.9275 7.76516 -1 -1 -1 0 0 0
LeftUpLeg : -6.63461 -11.0131 -19.5539 -1 -1 -1 0 0 0
Neck : -7.40926 1.58914 -3.3159 -1 -1 -1 0 0 0
RightArm : -8.85421 -6.64548 94.3282 -1 -1 -1 0 0 0
RightFoot : -13.8843 2.06163 -0.63095 -1 -1 -1 0 0 0
RightForeArm : -2.87661 22.8282 -14.0836 -1 -1 -1 0 0 0
RightHand : 0 0 0 -1 -1 -1 0 0 0
RightHandThumb1 : -8.02809 -67.1206 14.9817 -1 -1 -1 0 0 0
RightHip : 0 0 0 -1 -1 -1 0 0 0
RightLeg : 7.82651 -2.83771 -0.242175 -1 -1 -1 0 0 0
RightShoulder : 0 0 0 -1 -1 -1 0 0 0
RightToeBase : -17.6102 6.27969 -0.984625 -1 -1 -1 0 0 0
RightUpLeg : -7.91637 4.54379 20.2667 -1 -1 -1 0 0 0
Spin : -9.65099 1.8145 -5.93045 -1 -1 -1 0 0 0
Spin1 : 0.286588 3.05655 1.30965 -1 -1 -1 0 0 0
Spin2 : 5.34246 1.35061 5.14676 -1 -1 -1 0 0 0
frame 4 26
Head : 10.2622 -0.959337 2.3733 -1 -1 -1 0 0 0
Hips : 11.9216 178.256 0.00125001 9.05773 16.4338 23.3134 0 0 0
LeftArm : 22.1922 -2.1003 -90.2509 -1 -1 -1 0 0 0
LeftFoot : -13.6791 -2.40953 0.589513 -1 -1 -1 0 0 0
LeftForeArm : -1.31782 -15.7307 9.36731 -1 -1 -1 0 0 0
LeftHand : 0 0 0 -1 -1 -1 0 0 0
LeftHandThumb1 : -0.647687 10.7984 0.84955 -1 -1 -1 0 0 0
LeftHip : 0 0 0 -1 -1 -1 0 0 0
LeftLeg : 8.19171 2.97406 0.26265 -1 -1 -1 0 0 0
LeftShoulder : 0 0 0 -1 -1 -1 0 0 0
LeftToeBase : -51.2273 -15.8425 7.65205 -1 -1 -1 0 0 0
LeftUpLeg : -6.60563 -10.9734 -19.606 -1 -1 -1 0 0 0
Neck : -7.34081 1.97466 -3.02653 -1 -1 -1 0 0 0
RightArm : -8.88316 -6.74692 94.4418 -1 -1 -1 0 0 0
RightFoot : -13.906 1.95556 -0.66525 -1 -1 -1 0 0 0
RightForeArm : -2.99814 23.1878 -14.3549 -1 -1 -1 0 0 0
RightHand : 0 0 0 -1 -1 -1 0 0 0
RightHandThumb1 : -8.1028 -67.059 15.1089 -1 -1 -1 0 0 0
RightHip : 0 0 0 -1 -1 -1 0 0 0
RightLeg : 7.83379 -2.84368 -0.3116 -1 -1 -1 0 0 0
RightShoulder : 0 0 0 -1 -1 -1 0 0 0
RightToeBase : -17.3129 6.17983 -0.947075 -1 -1 -1 0 0 0
RightUpLeg : -7.85807 4.7773 20.2254 -1 -1 -1 0 0 0
Spin : -9.71724 1.98958 -5.99276 -1 -1 -1 0 0 0
Spin1 : 0.318287 3.28617 1.29626 -1 -1 -1 0 0 0
Spin2 : 5.38093 1.44592 5.21611 -1 -1 -1 0 0 0
frame 5 26
Head : 10.1992 -0.750987 2.43453 -1 -1 -1 0 0 0
Hips : 11.9069 178.468 0.007875 9.02516 16.408 23.2961 0 0 0
LeftArm : 21.5373 -2.06473 -90.128 -1 -1 -1 0 0 0
LeftFoot : -13.6506 -2.60804 0.581262 -1 -1 -1 0 0 0
LeftForeArm : -1.28381 -15.4574 9.20186 -1 -1 -1 0 0 0
LeftHand : 0 0 0 -1 -1 -1 0 0 0
LeftHandThumb1 : -0.59945 10.6711 0.764287 -1 -1 -1 0 0 0
LeftHip : 0 0 0 -1 -1 -1 0 0 0
LeftLeg : 8.52744 3.08905 0.260288 -1 -1 -1 0 0 0
LeftShoulder : 0 0 0 -1 -1 -1 0 0 0
LeftToeBase : -51.2689 -15.8384 7.64565 -1 -1 -1 0 0 0
LeftUpLeg : -6.82844 -11.0868 -19.5871 -1 -1 -1 0 0 0
Neck : -7.04254 2.29889 -3.11693 -1 -1 -1 0 0 0
RightArm : -8.38734 -6.93526 94.5066 -1 -1 -1 0 0 0
RightFoot : -13.9887 1.9142 -0.698087 -1 -1 -1 0 0 0
RightForeArm : -3.14678 23.5357 -14.6432 -1 -1 -1 0 0 0
RightHand : 0 0 0 -1 -1 -1 0 0 0
RightHandThumb1 : -9.32636 -67.225 17.1995 -1 -1 -1 0 0 0
RightHip : 0 0 0 -1 -1 -1 0 0 0
RightLeg : 7.87294 -2.85799 -0.387925 -1 -1 -1 0 0 0
RightShoulder : 0 0 0 -1 -1 -1 0 0 0
RightToeBase : -17.3697 6.20018 -0.951075 -1 -1 -1 0 0 0
RightUpLeg : -7.92969 4.64654 20.2519 -1 -1 -1 0 0 0
Spin : -9.55556 2.0561 -5.94217 -1 -1 -1 0 0 0
Spin1 : 0.2723 3.35959 1.31346 -1 -1 -1 0 0 0
Spin2 : 5.23969 1.49968 5.1745 -1 -1 -1 0 0 0
frame 6 26
Head : 10.2179 -0.622812 2.39055 -1 -1 -1 0 0 0
Hips : 11.8726 178.668 -0.0795 8.98791 16.3143 23.2572 0 0 0
LeftArm : 21.073 -1.80737 -90.0765 -1 -1 -1 0 0 0
LeftFoot : -13.7 -2.7208 0.5818 -1 -1 -1 0 0 0
LeftForeArm : -1.30666 -15.4375 9.21281 -1 -1 -1 0 0 0
LeftHand : 0 0 0 -1 -1 -1 0 0 0
LeftHandThumb1 : -0.554637 10.6628 0.645113 -1 -1 -1 0 0 0
LeftHip : 0 0 0 -1 -1 -1 0 0 0
LeftLeg : 8.8641 3.21454 0.309675 -1 -1 -1 0 0 0
LeftShoulder : 0 0 0 -1 -1 -1 0 0 0
LeftToeBase : -51.4986 -15.888 7.70992 -1 -1 -1 0 0 0
LeftUpLeg : -6.93717 -11.2173 -19.7655 -1 -1 -1 0 0 0
Neck : -7.0904 2.46287 -2.99961 -1 -1 -1 0 0 0
RightArm : -7.79208 -6.90733 94.5024 -1 -1 -1 0 0 0
RightFoot : -14.1007 1.97175 -0.788425 -1 -1 -1 0 0 0
RightForeArm : -3.20416 23.5922 -14.7179 -1 -1 -1 0 0 0
RightHand : 0 0 0 -1 -1 -1 0 0 0
RightHandThumb1 : -8.51306 -67.4713 15.5753 -1 -1 -1 0 0 0
RightHip : 0 0 0 -1 -1 -1 0 0 0
RightLeg : 7.99305 -2.91039 -0.732587 -1 -1 -1 0 0 0
RightShoulder : 0 0 0 -1 -1 -1 0 0 0
RightToeBase : -17.027 6.08224 -0.9149 -1 -1 -1 0 0 0
RightUpLeg : -7.98395 4.51423 20.1136 -1 -1 -1 0 0 0
Spin : -9.60759 2.1728 -5.93349 -1 -1 -1 0 0 0
Spin1 : 0.310012 3.52057 1.23226 -1 -1 -1 0 0 0
Spin2 : 5.29965 1.56245 5.11336 -1 -1 -1 0 0 0
frame 7 26
Head : 10.1133 -0.632625 2.35665 -1 -1 -1 0 0 0
Hips : 11.8087 179.038 -0.032375 8.94282 16.2069 23.1859 0 0 0
LeftArm : 20.3201 -1.54808 -90.2402 -1 -1 -1 0 0 0
LeftFoot : -13.6041 -2.95918 0.669475 -1 -1 -1 0 0 0
LeftForeArm : -1.34903 -15.3975 9.21745 -1 -1 -1 0 0 0
LeftHand : 0 0 0 -1 -1 -1 0 0 0
LeftHandThumb1 : -0.639088 10.4942 0.748625 -1 -1 -1 0 0 0
LeftHip : 0 0 0 -1 -1 -1 0 0 0
LeftLeg : 8.9154 3.23465 0.4308 -1 -1 -1 0 0 0
LeftShoulder : 0 0 0 -1 -1 -1 0 0 0
LeftToeBase : -51.4937 -15.8951 7.72026 -1 -1 -1 0 0 0
LeftUpLeg : -6.91865 -11.3161 -19.7151 -1 -1 -1 0 0 0
Neck : -6.95005 2.38596 -3.0235 -1 -1 -1 0 0 0
RightArm : -7.70801 -6.58122 94.3001 -1 -1 -1 0 0 0
RightFoot : -14.4291 1.77914 -0.914275 -1 -1 -1 0 0 0
RightForeArm : -3.27615 23.8479 -14.8995 -1 -1 -1 0 0 0
RightHand : 0 0 0 -1 -1 -1 0 0 0
RightHandThumb1 : -10.3433 -68.1875 18.2339 -1 -1 -1 0 0 0
RightHip : 0 0 0 -1 -1 -1 0 0 0
RightLeg : 8.1948 -2.972 -2.19693 -1 -1 -1 0 0 0
RightShoulder : 0 0 0 -1 -1 -1 0 0 0
RightToeBase : -16.8155 6.00817 -0.895875 -1 -1 -1 0 0 0
RightUpLeg : -8.00621 4.51669 20.1876 -1 -1 -1 0 0 0
Spin : -9.60315 2.22784 -5.97607 -1 -1 -1 0 0 0
Spin1 : 0.385412 3.59874 1.2678 -1 -1 -1 0 0 0
Spin2 : 5.37882 1.5974 5.19216 -1 -1 -1 0 0 0
frame 8 26
Head : 10.0922 -0.625237 2.35916 -1 -1 -1 0 0 0
Hips : 11.87 179.506 0.053125 8.89655 16.1769 23.0675 0 0 0
LeftArm : 20.1143 -1.20115 -90.1381 -1 -1 -1 0 0 0
LeftFoot : -13.4974 -3.18421 0.780712 -1 -1 -1 0 0 0
LeftForeArm : -1.31561 -15.2284 9.12056 -1 -1 -1 0 0 0
LeftHand : 0 0 0 -1 -1 -1 0 0 0
LeftHandThumb1 : -0.438563 10.2735 0.491125 -1 -1 -1 0 0 0
LeftHip : 0 0 0 -1 -1 -1 0 0 0
LeftLeg : 9.13211 3.30794 0.506875 -1 -1 -1 0 0 0
LeftShoulder : 0 0 0 -1 -1 -1 0 0 0
LeftToeBase : -51.4508 -15.8881 7.71004 -1 -1 -1 0 0 0
LeftUpLeg : -7.10921 -11.5444 -19.615 -1 -1 -1 0 0 0
Neck : -6.94448 2.38104 -2.8727 -1 -1 -1 0 0 0
RightArm : -7.75 -6.4777 94.3997 -1 -1 -1 0 0 0
RightFoot : -14.7813 1.4875 -1.18807 -1 -1 -1 0 0 0
RightForeArm : -3.21378 23.7452 -14.7985 -1 -1 -1 0 0 0
RightHand : 0 0 0 -1 -1 -1 0 0 0
RightHandThumb1 : -7.26826 -67.4092 13.2936 -1 -1 -1 0 0 0
RightHip : 0 0 0 -1 -1 -1 0 0 0
RightLeg : 8.35586 -3.04599 -3.13829 -1 -1 -1 0 0 0
RightShoulder : 0 0 0 -1 -1 -1 0 0 0
RightToeBase : -16.108 5.76263 -0.826737 -1 -1 -1 0 0 0
RightUpLeg : -8.07765 4.60206 20.2775 -1 -1 -1 0 0 0
Spin : -9.62896 2.35479 -5.81168 -1 -1 -1 0 0 0
Spin1 : 0.33855 3.71585 1.17688 -1 -1 -1 0 0 0
Spin2 : 5.31992 1.64119 5.00256 -1 -1 -1 0 0 0
frame 9 26
Head : 10.144 -0.62545 2.40009 -1 -1 -1 0 0 0
Hips : 11.89 179.845 0.139375 8.83365 15.8836 22.9352 0 0 0
LeftArm : 19.3051 -1.05961 -90.2055 -1 -1 -1 0 0 0
LeftFoot : -13.2639 -3.44716 0.909025 -1 -1 -1 0 0 0
LeftForeArm : -1.20817 -14.6974 8.76941 -1 -1 -1 0 0 0
LeftHand : 0 0 0 -1 -1 -1 0 0 0
LeftHandThumb1 : -0.434412 10.2852 0.4554 -1 -1 -1 0 0 0
LeftHip : 0 0 0 -1 -1 -1 0 0 0
LeftLeg : 8.96205 3.23162 0.592275 -1 -1 -1 0 0 0
LeftShoulder : 0 0 0 -1 -1 -1 0 0 0
LeftToeBase : -51.5262 -15.8977 7.71868 -1 -1 -1 0 0 0
LeftUpLeg : -7.09059 -11.3926 -19.5283 -1 -1 -1 0 0 0
Neck : -7.17973 2.37116 -2.87815 -1 -1 -1 0 0 0
RightArm : -7.28027 -6.37224 94.2628 -1 -1 -1 0 0 0
RightFoot : -15.1258 1.2874 -1.61513 -1 -1 -1 0 0 0
RightForeArm : -3.21918 23.8764 -14.8653 -1 -1 -1 0 0 0
RightHand : 0 0 0 -1 -1 -1 0 0 0
RightHandThumb1 : -10.6206 -68.9548 18.1873 -1 -1 -1 0 0 0
RightHip : 0 0 0 -1 -1 -1 0 0 0
RightLeg : 8.42974 -3.05797 -3.2556 -1 -1 -1 0 0 0
RightShoulder : 0 0 0 -1 -1 -1 0 0 0
RightToeBase : -16.5196 5.90345 -0.872562 -1 -1 -1 0 0 0
RightUpLeg : -8.03835 4.61028 20.362 -1 -1 -1 0 0 0
Spin : -9.58881 2.40873 -5.82489 -1 -1 -1 0 0 0
Spin1 : 0.328825 3.79193 1.21597 -1 -1 -1 0 0 0
Spin2 : 5.37558 1.66929 5.05196 -1 -1 -1 0 0 0
frame 10 26
Head : 10.1778 -0.592825 2.35517 -1 -1 -1 0 0 0
Hips : 11.9191 180.083 0.211875 8.75148 15.7741 22.7322 0 0 0
LeftArm : 18.4334 -0.748525 -90.4714 -1 -1 -1 0 0 0
LeftFoot : -13.1436 -3.51636 1.04468 -1 -1 -1 0 0 0
LeftForeArm : -1.09021 -14.2785 8.47752 -1 -1 -1 0 0 0
LeftHand : 0 0 0 -1 -1 -1 0 0 0
LeftHandThumb1 : -0.585788 9.93154 0.599575 -1 -1 -1 0 0 0
LeftHip : 0 0 0 -1 -1 -1 0 0 0
LeftLeg : 8.90891 3.22672 0.674575 -1 -1 -1 0 0 0
LeftShoulder : 0 0 0 -1 -1 -1 0 0 0
LeftToeBase : -51.9186 -15.9915 7.83879 -1 -1 -1 0 0 0
LeftUpLeg : -7.05111 -11.3498 -19.5328 -1 -1 -1 0 0 0
Neck : -7.17835 2.42541 -3.00895 -1 -1 -1 0 0 0
RightArm : -6.83205 -6.46954 93.905 -1 -1 -1 0 0 0
RightFoot : -15.3138 1.08485 -1.90629 -1 -1 -1 0 0 0
RightForeArm : -3.21167 23.8988 -14.8695 -1 -1 -1 0 0 0
RightHand : 0 0 0 -1 -1 -1 0 0 0
RightHandThumb1 : -7.79351 -67.2174 14.2931 -1 -1 -1 0 0 0
RightHip : 0 0 0 -1 -1 -1 0 0 0
RightLeg : 8.4766 -3.08699 -3.48583 -1 -1 -1 0 0 0
RightShoulder : 0 0 0 -1 -1 -1 0 0 0
RightToeBase : -16.7844 5.99605 -0.898225 -1 -1 -1 0 0 0
RightUpLeg : -7.94783 4.60286 20.3834 -1 -1 -1 0 0 0
Spin : -9.59853 2.30185 -5.95969 -1 -1 -1 0 0 0
Spin1 : 0.325062 3.64699 1.37573 -1 -1 -1 0 0 0
Spin2 : 5.29819 1.60476 5.28082 -1 -1 -1 0 0 0
frame 11 26
Head : 10.1247 -0.61265 2.40956 -1 -1 -1 0 0 0
Hips : 11.9944 180.108 0.142875 8.66596 16.3121 22.4248 0 0 0
LeftArm : 17.4665 -0.874213 -90.3958 -1 -1 -1 0 0 0
LeftFoot : -13.2679 -3.77912 1.21715 -1 -1 -1 0 0 0
LeftForeArm : -0.996213 -13.6607 8.07603 -1 -1 -1 0 0 0
LeftHand : 0 0 0 -1 -1 -1 0 0 0
LeftHandThumb1 : -0.569325 10.4307 0.659512 -1 -1 -1 0 0 0
LeftHip : 0 0 0 -1 -1 -1 0 0 0
LeftLeg : 9.06989 3.27296 0.7292 -1 -1 -1 0 0 0
LeftShoulder : 0 0 0 -1 -1 -1 0 0 0
LeftToeBase : -51.4411 -15.8822 7.69429 -1 -1 -1 0 0 0
LeftUpLeg : -7.03362 -11.5023 -19.7685 -1 -1 -1 0 0 0
Neck : -7.03102 2.40576 -3.061 -1 -1 -1 0 0 0
RightArm : -6.79534 -6.52911 93.9783 -1 -1 -1 0 0 0
RightFoot : -15.4357 1.0835 -1.82938 -1 -1 -1 0 0 0
RightForeArm : -3.20974 23.9063 -14.8723 -1 -1 -1 0 0 0
RightHand : 0 0 0 -1 -1 -1 0 0 0
RightHandThumb1 : -7.3402 -66.8644 13.8696 -1 -1 -1 0 0 0
RightHip : 0 0 0 -1 -1 -1 0 0 0
RightLeg : 8.58781 -3.11273 -3.60949 -1 -1 -1 0 0 0
RightShoulder : 0 0 0 -1 -1 -1 0 0 0
RightToeBase : -16.8947 6.035 -0.907038 -1 -1 -1 0 0 0
RightUpLeg : -7.9438 4.62496 20.1778 -1 -1 -1 0 0 0
Spin : -9.62406 2.314 -6.03033 -1 -1 -1 0 0 0
Spin1 : 0.354387 3.6634 1.28979 -1 -1 -1 0 0 0
Spin2 : 5.30011 1.62218 5.2516 -1 -1 -1 0 0 0
frame 12 26
Head : 10.1068 -0.717875 2.4115 -1 -1 -1 0 0 0
Hips : 12.0793 180.064 0.21725 8.61395 16.8467 21.9463 0 0 0
LeftArm : 18.1916 -0.907587 -90.0834 -1 -1 -1 0 0 0
LeftFoot : -13.3055 -3.84311 1.31894 -1 -1 -1 0 0 0
LeftForeArm : -0.990875 -13.675 8.07761 -1 -1 -1 0 0 0
LeftHand : 0 0 0 -1 -1 -1 0 0 0
LeftHandThumb1 : -0.63025 10.4153 0.68305 -1 -1 -1 0 0 0
LeftHip : 0 0 0 -1 -1 -1 0 0 0
LeftLeg : 9.1323 3.31282 1.09819 -1 -1 -1 0 0 0
LeftShoulder : 0 0 0 -1 -1 -1 0 0 0
LeftToeBase : -51.2169 -15.839 7.63767 -1 -1 -1 0 0 0
LeftUpLeg : -7.04105 -11.4236 -19.8282 -1 -1 -1 0 0 0
Neck : -6.91828 2.22828 -2.974 -1 -1 -1 0 0 0
RightArm : -7.16732 -6.62105 94.1358 -1 -1 -1 0 0 0
RightFoot : -15.6551 1.05827 -1.56308 -1 -1 -1 0 0 0
RightForeArm : -3.20359 23.8167 -14.8076 -1 -1 -1 0 0 0
RightHand : 0 0 0 -1 -1 -1 0 0 0
RightHandThumb1 : -6.09202 -66.2833 11.8044 -1 -1 -1 0 0 0
RightHip : 0 0 0 -1 -1 -1 0 0 0
RightLeg : 8.9347 -3.25994 -3.77447 -1 -1 -1 0 0 0
RightShoulder : 0 0 0 -1 -1 -1 0 0 0
RightToeBase : -17.3277 6.18359 -0.956312 -1 -1 -1 0 0 0
RightUpLeg : -8.10456 4.79275 20.1252 -1 -1 -1 0 0 0
Spin : -9.54867 2.34468 -5.99967 -1 -1 -1 0 0 0
Spin1 : 0.344538 3.73289 1.22475 -1 -1 -1 0 0 0
Spin2 : 5.29699 1.61777 5.17554 -1 -1 -1 0 0 0
frame 13 26
Head : 10.0597 -0.76165 2.398 -1 -1 -1 0 0 0
Hips : 12.2204 179.851 0.151625 8.62632 16.2783 21.2666 0 0 0
LeftArm : 18.7876 -1.09002 -90.0945 -1 -1 -1 0 0 0
LeftFoot : -13.3321 -3.9307 1.45776 -1 -1 -1 0 0 0
LeftForeArm : -1.0329 -13.9837 8.2686 -1 -1 -1 0 0 0
LeftHand : 0 0 0 -1 -1 -1 0 0 0
LeftHandThumb1 : -0.582888 10.438 0.611163 -1 -1 -1 0 0 0
LeftHip : 0 0 0 -1 -1 -1 0 0 0
LeftLeg : 9.31554 3.35881 2.03065 -1 -1 -1 0 0 0
LeftShoulder : 0 0 0 -1 -1 -1 0 0 0
LeftToeBase : -51.5166 -15.8943 7.71676 -1 -1 -1 0 0 0
LeftUpLeg : -7.27385 -11.1441 -20.0479 -1 -1 -1 0 0 0
Neck : -6.99558 2.18106 -2.92801 -1 -1 -1 0 0 0
RightArm : -7.2969 -6.77669 93.964 -1 -1 -1 0 0 0
RightFoot : -15.95 1.26551 -1.41678 -1 -1 -1 0 0 0
RightForeArm : -3.1655 23.8856 -14.8462 -1 -1 -1 0 0 0
RightHand : 0 0 0 -1 -1 -1 0 0 0
RightHandThumb1 : -9.12883 -66.9265 17.1778 -1 -1 -1 0 0 0
RightHip : 0 0 0 -1 -1 -1 0 0 0
RightLeg : 10.1305 -3.64321 -4.42036 -1 -1 -1 0 0 0
RightShoulder : 0 0 0 -1 -1 -1 0 0 0
RightToeBase : -17.3539 6.19255 -0.9575 -1 -1 -1 0 0 0
RightUpLeg : -8.85361 5.10066 19.8423 -1 -1 -1 0 0 0
Spin : -9.55326 2.21244 -6.21612 -1 -1 -1 0 0 0
Spin1 : 0.374438 3.55988 1.24839 -1 -1 -1 0 0 0
Spin2 : 5.32524 1.5583 5.30572 -1 -1 -1 0 0 0
frame 14 26
Head : 10.0564 -1.15951 2.55363 -1 -1 -1 0 0 0
Hips : 12.3459 179.443 0.237125 8.70759 15.6711 20.5088 0 0 0
LeftArm : 19.7009 -1.25912 -90.0892 -1 -1 -1 0 0 0
LeftFoot : -13.5647 -3.92734 1.67005 -1 -1 -1 0 0 0
LeftForeArm : -1.1212 -14.4779 8.57716 -1 -1 -1 0 0 0
LeftHand : 0 0 0 -1 -1 -1 0 0 0
LeftHandThumb1 : -0.655213 9.70974 0.778675 -1 -1 -1 0 0 0
LeftHip : 0 0 0 -1 -1 -1 0 0 0
LeftLeg : 9.24363 3.31175 5.62981 -1 -1 -1 0 0 0
LeftShoulder : 0 0 0 -1 -1 -1 0 0 0
LeftToeBase : -51.3877 -15.8629 7.6769 -1 -1 -1 0 0 0
LeftUpLeg : -7.27454 -10.8735 -20.1152 -1 -1 -1 0 0 0
Neck : -7.12469 1.62166 -3.24553 -1 -1 -1 0 0 0
RightArm : -7.58084 -6.84764 93.8647 -1 -1 -1 0 0 0
RightFoot : -16.2064 1.04354 -1.79269 -1 -1 -1 0 0 0
RightForeArm : -3.10062 23.6849 -14.6959 -1 -1 -1 0 0 0
RightHand : 0 0 0 -1 -1 -1 0 0 0
RightHandThumb1 : -9.2545 -67.3348 17.1057 -1 -1 -1 0 0 0
RightHip : 0 0 0 -1 -1 -1 0 0 0
RightLeg : 11.8061 -4.18929 -4.12273 -1 -1 -1 0 0 0
RightShoulder : 0 0 0 -1 -1 -1 0 0 0
RightToeBase : -18.5143 6.61523 -1.11266 -1 -1 -1 0 0 0
RightUpLeg : -9.90937 5.65069 19.6884 -1 -1 -1 0 0 0
Spin : -9.37471 2.04165 -6.30642 -1 -1 -1 0 0 0
Spin1 : 0.432875 3.31201 1.26532 -1 -1 -1 0 0 0
Spin2 : 5.28187 1.408 5.35641 -1 -1 -1 0 0 0
frame 15 26
Head : 10.1332 -1.48667 2.68059 -1 -1 -1 0 0 0
Hips : 12.4799 178.98 0.2 8.91186 15.8554 19.6341 0 0 0
LeftArm : 21.7951 -1.59358 -90.2891 -1 -1 -1 0 0 0
LeftFoot : -13.5542 -3.98745 1.5323 -1 -1 -1 0 0 0
LeftForeArm : -1.20912 -15.1424 8.98961 -1 -1 -1 0 0 0
LeftHand : 0 0 0 -1 -1 -1 0 0 0
LeftHandThumb1 : -0.771375 10.3468 0.8642 -1 -1 -1 0 0 0
LeftHip : 0 0 0 -1 -1 -1 0 0 0
LeftLeg : 8.83031 3.19778 8.92759 -1 -1 -1 0 0 0
LeftShoulder : 0 0 0 -1 -1 -1 0 0 0
LeftToeBase : -50.9026 -15.7684 7.55068 -1 -1 -1 0 0 0
LeftUpLeg : -7.00465 -10.4724 -20.3693 -1 -1 -1 0 0 0
Neck : -7.31704 0.584425 -3.54106 -1 -1 -1 0 0 0
RightArm : -7.92307 -6.8893 93.72 -1 -1 -1 0 0 0
RightFoot : -16.1775 1.15738 -2.13534 -1 -1 -1 0 0 0
RightForeArm : -3.12296 23.6679 -14.6931 -1 -1 -1 0 0 0
RightHand : 0 0 0 -1 -1 -1 0 0 0
RightHandThumb1 : -7.34601 -66.6073 14.0876 -1 -1 -1 0 0 0
RightHip : 0 0 0 -1 -1 -1 0 0 0
RightLeg : 11.7397 -4.22032 -1.56211 -1 -1 -1 0 0 0
RightShoulder : 0 0 0 -1 -1 -1 0 0 0
RightToeBase : -17.9865 6.39885 -1.04138 -1 -1 -1 0 0 0
RightUpLeg : -10.6362 5.98288 19.291 -1 -1 -1 0 0 0
Spin : -9.17589 1.72186 -6.53536 -1 -1 -1 0 0 0
Spin1 : 0.503788 2.95426 1.3594 -1 -1 -1 0 0 0
Spin2 : 5.35815 1.22394 5.5026 -1 -1 -1 0 0 0
frame 16 26
Head : 10.2515 -2.02816 2.67239 -1 -1 -1 0 0 0
Hips : 12.8598 178.42 0.339875 9.18274 16.0815 18.6084 0 0 0
LeftArm : 23.7712 -1.77552 -90.3189 -1 -1 -1 0 0 0
LeftFoot : -13.9445 -3.96073 1.21493 -1 -1 -1 0 0 0
LeftForeArm : -1.38089 -16.0651 9.57419 -1 -1 -1 0 0 0
LeftHand : 0 0 0 -1 -1 -1 0 0 0
LeftHandThumb1 : -0.564312 10.2857 0.69345 -1 -1 -1 0 0 0
LeftHip : 0 0 0 -1 -1 -1 0 0 0
LeftLeg : 8.90394 3.22831 7.50156 -1 -1 -1 0 0 0
LeftShoulder : 0 0 0 -1 -1 -1 0 0 0
LeftToeBase : -50.7866 -15.7299 7.5069 -1 -1 -1 0 0 0
LeftUpLeg : -7.16377 -10.3135 -20.3826 -1 -1 -1 0 0 0
Neck : -7.40865 -0.0378125 -3.79164 -1 -1 -1 0 0 0
RightArm : -7.77064 -7.1224 93.5249 -1 -1 -1 0 0 0
RightFoot : -15.5829 1.37657 -1.93596 -1 -1 -1 0 0 0
RightForeArm : -3.19219 23.7642 -14.7868 -1 -1 -1 0 0 0
RightHand : 0 0 0 -1 -1 -1 0 0 0
RightHandThumb1 : -7.41026 -66.7363 14.119 -1 -1 -1 0 0 0
RightHip : 0 0 0 -1 -1 -1 0 0 0
RightLeg : 11.0071 -4.0484 -3.18947 -1 -1 -1 0 0 0
RightShoulder : 0 0 0 -1 -1 -1 0 0 0
RightToeBase : -19.0415 6.72815 -1.13664 -1 -1 -1 0 0 0
RightUpLeg : -11.5628 6.4265 18.9969 -1 -1 -1 0 0 0
Spin : -8.98423 1.39965 -6.51169 -1 -1 -1 0 0 0
Spin1 : 0.4948 2.5063 1.44311 -1 -1 -1 0 0 0
Spin2 : 5.27554 1.06702 5.57751 -1 -1 -1 0 0 0
frame 17 26
Head : 10.2369 -2.18114 2.71178 -1 -1 -1 0 0 0
Hips : 13.1879 177.598 0.3745 9.43391 16.0393 17.1826 0 0 0
LeftArm : 25.148 -1.86554 -90.3682 -1 -1 -1 0 0 0
LeftFoot : -15.5292 -3.13456 1.14788 -1 -1 -1 0 0 0
LeftForeArm : -1.60763 -17.0083 10.2003 -1 -1 -1 0 0 0
LeftHand : 0 0 0 -1 -1 -1 0 0 0
LeftHandThumb1 : -1.01011 9.26977 1.18707 -1 -1 -1 0 0 0
LeftHip : 0 0 0 -1 -1 -1 0 0 0
LeftLeg : 9.99382 3.81564 4.32219 -1 -1 -1 0 0 0
LeftShoulder : 0 0 0 -1 -1 -1 0 0 0
LeftToeBase : -52.5135 -16.0877 7.9839 -1 -1 -1 0 0 0
LeftUpLeg : -7.50591 -10.658 -20.5336 -1 -1 -1 0 0 0
Neck : -7.20854 -0.188063 -4.02556 -1 -1 -1 0 0 0
RightArm : -7.96941 -7.38971 93.334 -1 -1 -1 0 0 0
RightFoot : -15.6354 1.7363 -0.191287 -1 -1 -1 0 0 0
RightForeArm : -3.29744 23.9191 -14.917 -1 -1 -1 0 0 0
RightHand : 0 0 0 -1 -1 -1 0 0 0
RightHandThumb1 : -9.17476 -68.2659 16.3384 -1 -1 -1 0 0 0
RightHip : 0 0 0 -1 -1 -1 0 0 0
RightLeg : 11.14 -4.35909 -13.2058 -1 -1 -1 0 0 0
RightShoulder : 0 0 0 -1 -1 -1 0 0 0
RightToeBase : -18.0765 6.39507 -1.04195 -1 -1 -1 0 0 0
RightUpLeg : -12.5269 7.0279 18.6208 -1 -1 -1 0 0 0
Spin : -8.60244 1.30625 -6.61173 -1 -1 -1 0 0 0
Spin1 : 0.477613 2.34081 1.58756 -1 -1 -1 0 0 0
Spin2 : 5.02664 0.98465 5.73649 -1 -1 -1 0 0 0
frame 18 26
Head : 10.0338 -1.99573 2.60835 -1 -1 -1 0 0 0
Hips : 13.4019 177.818 0.318875 9.51005 16.2198 14.8766 0 0 0
LeftArm : 26.1831 -2.11556 -90.3941 -1 -1 -1 0 0 0
LeftFoot : -17.4852 -3.29661 0.429913 -1 -1 -1 0 0 0
LeftForeArm : -1.79088 -17.8211 10.7893 -1 -1 -1 0 0 0
LeftHand : 0 0 0 -1 -1 -1 0 0 0
LeftHandThumb1 : -0.952688 8.90734 1.0412 -1 -1 -1 0 0 0
LeftHip : 0 0 0 -1 -1 -1 0 0 0
LeftLeg : 12.5577 4.6158 5.00891 -1 -1 -1 0 0 0
LeftShoulder : 0 0 0 -1 -1 -1 0 0 0
LeftToeBase : -53.5598 -16.2968 8.30195 -1 -1 -1 0 0 0
LeftUpLeg : -7.8067 -11.6685 -20.8994 -1 -1 -1 0 0 0
Neck : -7.0005 -0.612725 -3.851 -1 -1 -1 0 0 0
RightArm : -8.44593 -7.91648 92.7613 -1 -1 -1 0 0 0
RightFoot : -16.9796 1.70549 -0.428162 -1 -1 -1 0 0 0
RightForeArm : -3.30351 24.0528 -15.0183 -1 -1 -1 0 0 0
RightHand : 0 0 0 -1 -1 -1 0 0 0
RightHandThumb1 : -8.03805 -67.162 15.0712 -1 -1 -1 0 0 0
RightHip : 0 0 0 -1 -1 -1 0 0 0
RightLeg : 12.9373 -5.74115 -14.8302 -1 -1 -1 0 0 0
RightShoulder : 0 0 0 -1 -1 -1 0 0 0
RightToeBase : -18.5606 6.65516 -1.11696 -1 -1 -1 0 0 0
RightUpLeg : -12.8432 7.64501 18.3356 -1 -1 -1 0 0 0
Spin : -8.08095 0.97415 -6.58649 -1 -1 -1 0 0 0
Spin1 : 0.520588 1.86146 1.85827 -1 -1 -1 0 0 0
Spin2 : 4.89994 0.720388 5.92656 -1 -1 -1 0 0 0
frame 19 26
Head : 9.77094 -1.62649 2.62627 -1 -1 -1 0 0 0
Hips : 13.9792 176.92 0.10675 9.33406 16.3863 13.2708 0 0 0
LeftArm : 30.2439 -1.4087 -89.4843 -1 -1 -1 0 0 0
LeftFoot : -17.8873 -3.96972 0.672012 -1 -1 -1 0 0 0
LeftForeArm : -2.35325 -20.2255 12.3636 -1 -1 -1 0 0 0
LeftHand : 0 0 0 -1 -1 -1 0 0 0
LeftHandThumb1 : -1.27266 8.52023 1.56801 -1 -1 -1 0 0 0
LeftHip : 0 0 0 -1 -1 -1 0 0 0
LeftLeg : 15.9311 5.83031 4.58733 -1 -1 -1 0 0 0
LeftShoulder : 0 0 0 -1 -1 -1 0 0 0
LeftToeBase : -52.8277 -16.2265 8.07665 -1 -1 -1 0 0 0
LeftUpLeg : -8.81969 -11.0855 -21.5064 -1 -1 -1 0 0 0
Neck : -7.02768 -0.433862 -3.79946 -1 -1 -1 0 0 0
RightArm : -9.03692 -8.6622 92.0283 -1 -1 -1 0 0 0
RightFoot : -20.9985 0.898038 -19.9043 -1 -1 -1 0 0 0
RightForeArm : -3.29282 23.9224 -14.9416 -1 -1 -1 0 0 0
RightHand : 0 0 0 -1 -1 -1 0 0 0
RightHandThumb1 : -7.08805 -66.996 13.526 -1 -1 -1 0 0 0
RightHip : 0 0 0 -1 -1 -1 0 0 0
RightLeg : 22.7405 -9.17763 -5.8457 -1 -1 -1 0 0 0
RightShoulder : 0 0 0 -1 -1 -1 0 0 0
RightToeBase : -24.3053 8.60351 -1.97507 -1 -1 -1 0 0 0
RightUpLeg : -16.2593 10.6829 18.2897 -1 -1 -1 0 0 0
Spin : -7.27151 0.728175 -6.90222 -1 -1 -1 0 0 0
Spin1 : 0.635988 1.49247 1.79015 -1 -1 -1 0 0 0
Spin2 : 4.4707 0.500025 6.0272 -1 -1 -1 0 0 0
frame 20 26
Head : 9.45674 -1.22554 2.52911 -1 -1 -1 0 0 0
Hips : 13.8568 175.112 -0.01 9.18026 17.4242 11.3933 0 0 0
LeftArm : 33.0351 -1.91461 -85.8809 -1 -1 -1 0 0 0
LeftFoot : -22.0293 -3.82066 1.24694 -1 -1 -1 0 0 0
LeftForeArm : -2.53601 -21.6354 13.2514 -1 -1 -1 0 0 0
LeftHand : 0 0 0 -1 -1 -1 0 0 0
LeftHandThumb1 : -2.2636 5.98807 2.67934 -1 -1 -1 0 0 0
LeftHip : 0 0 0 -1 -1 -1 0 0 0
LeftLeg : 19.3585 6.74956 2.46091 -1 -1 -1 0 0 0
LeftShoulder : 0 0 0 -1 -1 -1 0 0 0
LeftToeBase : -52.7659 -16.2458 8.19066 -1 -1 -1 0 0 0
LeftUpLeg : -14.4842 -12.0818 -19.2481 -1 -1 -1 0 0 0
Neck : -7.27289 -0.179312 -3.92094 -1 -1 -1 0 0 0
RightArm : -4.21401 -5.35646 88.9691 -1 -1 -1 0 0 0
RightFoot : -23.9151 1.53901 -103.721 -1 -1 -1 0 0 0
RightForeArm : -4.0102 25.9821 -16.6138 -1 -1 -1 0 0 0
RightHand : 0 0 0 -1 -1 -1 0 0 0
RightHandThumb1 : -7.81884 -66.6004 15.0245 -1 -1 -1 0 0 0
RightHip : 0 0 0 -1 -1 -1 0 0 0
RightLeg : 29.3707 -10.5823 -9.9596 -1 -1 -1 0 0 0
RightShoulder : 0 0 0 -1 -1 -1 0 0 0
RightToeBase : -24.0447 8.84634 -2.08128 -1 -1 -1 0 0 0
RightUpLeg : -18.8953 11.5535 17.4746 -1 -1 -1 0 0 0
Spin : -4.84059 0.935125 -7.08522 -1 -1 -1 0 0 0
Spin1 : 1.16415 1.73934 1.5239 -1 -1 -1 0 0 0
Spin2 : 3.83899 0.674675 5.68201 -1 -1 -1 0 0 0
frame 21 26
Head : 9.66846 -0.476537 2.68296 -1 -1 -1 0 0 0
Hips : 13.0286 176.472 -0.414875 34.7719 66.5036 11.3621 0 0 0
LeftArm : 39.373 -4.73169 -85.0966 -1 -1 -1 0 0 0
LeftFoot : -23.1137 -4.60872 0.524187 -1 -1 -1 0 0 0
LeftForeArm : -4.51961 -27.7611 17.7939 -1 -1 -1 0 0 0
LeftHand : 0 0 0 -1 -1 -1 0 0 0
LeftHandThumb1 : -3.05486 7.03654 3.39461 -1 -1 -1 0 0 0
LeftHip : 0 0 0 -1 -1 -1 0 0 0
LeftLeg : 23.6491 8.20911 3.23484 -1 -1 -1 0 0 0
LeftShoulder : 0 0 0 -1 -1 -1 0 0 0
LeftToeBase : -57.1441 -16.8632 9.21649 -1 -1 -1 0 0 0
LeftUpLeg : -11.4933 -11.7029 -21.9334 -1 -1 -1 0 0 0
Neck : -7.28739 -1.51514 -3.63457 -1 -1 -1 0 0 0
RightArm : -10.4 -11.2962 87.5527 -1 -1 -1 0 0 0
RightFoot : 3.9188 3.75586 -105.089 -1 -1 -1 0 0 0
RightForeArm : -3.46142 23.9476 -14.9612 -1 -1 -1 0 0 0
RightHand : 0 0 0 -1 -1 -1 0 0 0
RightHandThumb1 : -10.4605 -68.5603 18.306 -1 -1 -1 0 0 0
RightHip : 0 0 0 -1 -1 -1 0 0 0
RightLeg : 36.4777 -12.5546 -6.71422 -1 -1 -1 0 0 0
RightShoulder : 0 0 0 -1 -1 -1 0 0 0
RightToeBase : -23.3176 7.90574 -1.8757 -1 -1 -1 0 0 0
RightUpLeg : -25.0212 13.5332 13.8217 -1 -1 -1 0 0 0
Spin : -4.15937 -0.6252 -7.8662 -1 -1 -1 0 0 0
Spin1 : 1.53925 -0.354238 1.98539 -1 -1 -1 0 0 0
Spin2 : 4.02849 -0.77475 6.59076 -1 -1 -1 0 0 0
frame 22 26
Head : 8.61147 0.731825 2.47424 -1 -1 -1 0 0 0
Hips : 11.4246 175.494 2.23188 13.0063 25.5378 10.6216 0 0 0
LeftArm : 37.1858 -9.67664 -83.3926 -1 -1 -1 0 0 0
LeftFoot : -17.7971 -1.06815 0.70935 -1 -1 -1 0 0 0
LeftForeArm : -5.51646 -28.7767 19.0481 -1 -1 -1 0 0 0
LeftHand : 0 0 0 -1 -1 -1 0 0 0
LeftHandThumb1 : -4.29801 4.57166 4.31266 -1 -1 -1 0 0 0
LeftHip : 0 0 0 -1 -1 -1 0 0 0
LeftLeg : 45.5584 13.795 3.98943 -1 -1 -1 0 0 0
LeftShoulder : 0 0 0 -1 -1 -1 0 0 0
LeftToeBase : -58.2149 -16.7721 9.37621 -1 -1 -1 0 0 0
LeftUpLeg : -19.0309 -9.54255 -18.3438 -1 -1 -1 0 0 0
Neck : -6.67786 -0.841025 -3.92173 -1 -1 -1 0 0 0
RightArm : -0.774288 -11.107 87.2515 -1 -1 -1 0 0 0
RightFoot : -18.6993 0.836963 -45.2071 -1 -1 -1 0 0 0
RightForeArm : -5.45878 27.3285 -17.7836 -1 -1 -1 0 0 0
RightHand : 0 0 0 -1 -1 -1 0 0 0
RightHandThumb1 : -8.74544 -68.298 15.5881 -1 -1 -1 0 0 0
RightHip : 0 0 0 -1 -1 -1 0 0 0
RightLeg : 39.659 -13.7768 -5.78256 -1 -1 -1 0 0 0
RightShoulder : 0 0 0 -1 -1 -1 0 0 0
RightToeBase : -24.6127 8.38937 -2.41645 -1 -1 -1 0 0 0
RightUpLeg : -28.0239 12.1354 16.783 -1 -1 -1 0 0 0
Spin : -0.86395 -0.117137 -5.77355 -1 -1 -1 0 0 0
Spin1 : 2.78305 -0.432587 2.00391 -1 -1 -1 0 0 0
Spin2 : 3.38321 -0.305188 5.61439 -1 -1 -1 0 0 0
frame 23 26
Head : 7.36681 0.0460125 1.65851 -1 -1 -1 0 0 0
Hips : 9.88463 182.047 0.198875 7.50347 15.4686 5.35645 0 0 0
LeftArm : 23.4287 -5.24781 -92.5846 -1 -1 -1 0 0 0
LeftFoot : -4.01816 -0.0581626 0.723038 -1 -1 -1 0 0 0
LeftForeArm : -4.76658 -22.4466 15.6216 -1 -1 -1 0 0 0
LeftHand : 0 0 0 -1 -1 -1 0 0 0
LeftHandThumb1 : -3.68486 9.252 4.29199 -1 -1 -1 0 0 0
LeftHip : 0 0 0 -1 -1 -1 0 0 0
LeftLeg : 12.1213 4.05956 1.75191 -1 -1 -1 0 0 0
LeftShoulder : 0 0 0 -1 -1 -1 0 0 0
LeftToeBase : -56.5147 -16.8087 9.12879 -1 -1 -1 0 0 0
LeftUpLeg : -4.53891 -9.52532 -21.9487 -1 -1 -1 0 0 0
Neck : -5.70915 -0.172125 -3.533 -1 -1 -1 0 0 0
RightArm : -20.0307 -10.9348 93.5859 -1 -1 -1 0 0 0
RightFoot : -6.57879 -0.682238 44.7068 -1 -1 -1 0 0 0
RightForeArm : -2.38424 19.2971 -11.9429 -1 -1 -1 0 0 0
RightHand : 0 0 0 -1 -1 -1 0 0 0
RightHandThumb1 : -11.9958 -67.1222 21.9005 -1 -1 -1 0 0 0
RightHip : 0 0 0 -1 -1 -1 0 0 0
RightLeg : 16.8827 -5.64994 -3.85088 -1 -1 -1 0 0 0
RightShoulder : 0 0 0 -1 -1 -1 0 0 0
RightToeBase : -23.4135 8.1553 -1.63247 -1 -1 -1 0 0 0
RightUpLeg : -21.2851 9.95024 16.3897 -1 -1 -1 0 0 0
Spin : -6.06014 -0.388713 -6.94786 -1 -1 -1 0 0 0
Spin1 : 1.13874 -0.182975 1.51869 -1 -1 -1 0 0 0
Spin2 : 4.87564 -0.434638 5.7293 -1 -1 -1 0 0 0
