importances 26
Head : 0.208848
Hips : 0
LeftArm : 0.397955
LeftFoot : 0.745236
LeftForeArm : 0.509095
LeftHand : 0
LeftHandThumb1 : 0
LeftHip : 0
LeftLeg : 0.830713
LeftShoulder : 0
LeftToeBase : 0.134785
LeftUpLeg : 0.218202
Neck : 0
RightArm : 0.379825
RightFoot : 0.685897
RightForeArm : 0.588145
RightHand : 0
RightHandThumb1 : 0
RightHip : 0
RightLeg : 0.792682
RightShoulder : 0
RightToeBase : 0.0468501
RightUpLeg : 0.221847
Spin : 0
Spin1 : 0.155003
Spin2 : 0.187681
offsets 26
Head : 1.83053
Hips : 0
LeftArm : 3.51279
LeftFoot : 7.7045
LeftForeArm : 4.95663
LeftHand : 3.38177
LeftHandThumb1 : 0
LeftHip : 0
LeftLeg : 7.40818
LeftShoulder : 0
LeftToeBase : 2.09456
LeftUpLeg : 2.53602
Neck : 0
RightArm : 3.40627
RightFoot : 7.7897
RightForeArm : 5.08365
RightHand : 3.35984
RightHandThumb1 : 0
RightHip : 0
RightLeg : 7.55487
RightShoulder : 0
RightToeBase : 2.19144
RightUpLeg : 2.27268
Spin : 0
Spin1 : 1.98161
Spin2 : 1.97558
frame 0 26
Head : 17.7902 0.246062 -2.20624 -1 -1 -1 0 0 0
Hips : 8.22813 -3.20133 -7.40257 0.231425 17.8909 -7.96041 0 0 0
LeftArm : 29.707 -1.00698 -88.9973 -1 -1 -1 0 0 0
LeftFoot : -19.4687 -2.4727 1.12125 -1 -1 -1 0 0 0
LeftForeArm : -2.62935 -21.91 13.4452 -1 -1 -1 0 0 0
LeftHand : 0 0 0 -1 -1 -1 0 0 0
LeftHandThumb1 : -10.2681 59.9406 -26.6708 -1 -1 -1 0 0 0
LeftHip : 0 0 0 -1 -1 -1 0 0 0
LeftLeg : 33.0687 11.2291 3.36637 -1 -1 -1 0 0 0
LeftShoulder : 0 0 0 -1 -1 -1 0 0 0
LeftToeBase : -5.82856 -2.11608 0.113188 -1 -1 -1 0 0 0
LeftUpLeg : -17.7309 -4.33064 -9.6586 -1 -1 -1 0 0 0
Neck : -15.4275 0.0960125 0.918938 -1 -1 -1 0 0 0
RightArm : 24.2385 0.788937 84.8868 -1 -1 -1 0 0 0
RightFoot : -17.0821 0.606825 -0.819525 -1 -1 -1 0 0 0
RightForeArm : -2.96659 23.2116 -14.3409 -1 -1 -1 0 0 0
RightHand : 0 0 0 -1 -1 -1 0 0 0
RightHandThumb1 : 3.46283 -18.7662 5.52794 -1 -1 -1 0 0 0
RightHip : 0 0 0 -1 -1 -1 0 0 0
RightLeg : 28.1168 -9.71655 -2.43456 -1 -1 -1 0 0 0
RightShoulder : 0 0 0 -1 -1 -1 0 0 0
RightToeBase : 3.09585 -1.12588 -0.034925 -1 -1 -1 0 0 0
RightUpLeg : -14.4715 7.69558 24.3884 -1 -1 -1 0 0 0
Spin : -5.74289 0.602775 1.09196 -1 -1 -1 0 0 0
Spin1 : -0.0838375 0.606875 4.77401 -1 -1 -1 0 0 0
Spin2 : 3.103 0.277337 4.38769 -1 -1 -1 0 0 0
frame 1 26
Head : 17.9297 0.433225 -2.23259 -1 -1 -1 0 0 0
Hips : 8.28255 -3.16914 -7.46115 0.26615 17.8528 -7.9947 0 0 0
LeftArm : 29.879 -1.37495 -89.3584 -1 -1 -1 0 0 0
LeftFoot : -19.3405 -2.56379 1.09437 -1 -1 -1 0 0 0
LeftForeArm : -2.74825 -22.2101 13.6523 -1 -1 -1 0 0 0
LeftHand : 0 0 0 -1 -1 -1 0 0 0
LeftHandThumb1 : -10.0249 59.6849 -26.5822 -1 -1 -1 0 0 0
LeftHip : 0 0 0 -1 -1 -1 0 0 0
LeftLeg : 33.2302 11.2741 3.40621 -1 -1 -1 0 0 0
LeftShoulder : 0 0 0 -1 -1 -1 0 0 0
LeftToeBase : -6.47059 -2.34835 0.143125 -1 -1 -1 0 0 0
LeftUpLeg : -18.0951 -4.13279 -9.59696 -1 -1 -1 0 0 0
Neck : -15.105 0.349125 0.897875 -1 -1 -1 0 0 0
RightArm : 24.7583 1.17654 84.7801 -1 -1 -1 0 0 0
RightFoot : -16.932 0.587812 -0.79595 -1 -1 -1 0 0 0
RightForeArm : -2.98697 23.3214 -14.4097 -1 -1 -1 0 0 0
RightHand : 0 0 0 -1 -1 -1 0 0 0
RightHandThumb1 : 3.4782 -18.585 5.51072 -1 -1 -1 0 0 0
RightHip : 0 0 0 -1 -1 -1 0 0 0
RightLeg : 27.9451 -9.6673 -2.36875 -1 -1 -1 0 0 0
RightShoulder : 0 0 0 -1 -1 -1 0 0 0
RightToeBase : 2.10965 -0.76695 -0.031975 -1 -1 -1 0 0 0
RightUpLeg : -14.5997 7.59014 24.425 -1 -1 -1 0 0 0
Spin : -5.73266 0.705875 1.17758 -1 -1 -1 0 0 0
Spin1 : 0.114413 0.7166 4.90023 -1 -1 -1 0 0 0
Spin2 : 3.28996 0.335475 4.48372 -1 -1 -1 0 0 0
frame 2 26
Head : 17.956 0.463162 -2.30225 -1 -1 -1 0 0 0
Hips : 8.35531 -2.81428 -7.41245 0.3142 17.8111 -7.96936 0 0 0
LeftArm : 30.2948 -1.48473 -89.5015 -1 -1 -1 0 0 0
LeftFoot : -19.2906 -2.67047 1.1136 -1 -1 -1 0 0 0
LeftForeArm : -2.89813 -22.5347 13.8858 -1 -1 -1 0 0 0
LeftHand : 0 0 0 -1 -1 -1 0 0 0
LeftHandThumb1 : -9.55789 59.4573 -25.9231 -1 -1 -1 0 0 0
LeftHip : 0 0 0 -1 -1 -1 0 0 0
LeftLeg : 33.2688 11.2896 3.46169 -1 -1 -1 0 0 0
LeftShoulder : 0 0 0 -1 -1 -1 0 0 0
LeftToeBase : -6.84635 -2.48428 0.158413 -1 -1 -1 0 0 0
LeftUpLeg : -18.3153 -4.38224 -9.67612 -1 -1 -1 0 0 0
Neck : -14.6683 0.353025 0.827262 -1 -1 -1 0 0 0
RightArm : 24.7846 1.60689 84.6831 -1 -1 -1 0 0 0
RightFoot : -16.9175 0.376438 -0.748138 -1 -1 -1 0 0 0
RightForeArm : -2.89918 22.9687 -14.1614 -1 -1 -1 0 0 0
RightHand : 0 0 0 -1 -1 -1 0 0 0
RightHandThumb1 : 3.4429 -18.5696 5.45069 -1 -1 -1 0 0 0
RightHip : 0 0 0 -1 -1 -1 0 0 0
RightLeg : 27.8382 -9.59794 -2.35828 -1 -1 -1 0 0 0
RightShoulder : 0 0 0 -1 -1 -1 0 0 0
RightToeBase : 1.12224 -0.408213 -0.0277625 -1 -1 -1 0 0 0
RightUpLeg : -14.76 7.46666 24.2922 -1 -1 -1 0 0 0
Spin : -5.43289 0.716 1.0951 -1 -1 -1 0 0 0
Spin1 : 0.263688 0.693038 4.94129 -1 -1 -1 0 0 0
Spin2 : 3.2748 0.334775 4.56959 -1 -1 -1 0 0 0
frame 3 26
Head : 18.1389 0.487812 -2.33681 -1 -1 -1 0 0 0
Hips : 8.65479 -2.67045 -7.363 0.405862 17.8738 -7.9137 0 0 0
LeftArm : 30.5238 -1.34356 -89.3832 -1 -1 -1 0 0 0
LeftFoot : -19.0455 -3.09326 1.20541 -1 -1 -1 0 0 0
LeftForeArm : -2.9424 -22.8757 14.1383 -1 -1 -1 0 0 0
LeftHand : 0 0 0 -1 -1 -1 0 0 0
LeftHandThumb1 : -10.279 60.0493 -26.6544 -1 -1 -1 0 0 0
LeftHip : 0 0 0 -1 -1 -1 0 0 0
LeftLeg : 33.3087 11.3592 3.4931 -1 -1 -1 0 0 0
LeftShoulder : 0 0 0 -1 -1 -1 0 0 0
LeftToeBase : -6.37646 -2.31369 0.118575 -1 -1 -1 0 0 0
LeftUpLeg : -18.9134 -4.25316 -9.83234 -1 -1 -1 0 0 0
Neck : -14.3774 0.423975 0.8415 -1 -1 -1 0 0 0
RightArm : 24.999 1.83748 84.558 -1 -1 -1 0 0 0
RightFoot : -16.8023 0.223912 -0.768475 -1 -1 -1 0 0 0
RightForeArm : -2.94636 23.0127 -14.2011 -1 -1 -1 0 0 0
RightHand : 0 0 0 -1 -1 -1 0 0 0
RightHandThumb1 : 3.44768 -18.3813 5.40756 -1 -1 -1 0 0 0
RightHip : 0 0 0 -1 -1 -1 0 0 0
RightLeg : 27.6832 -9.5398 -2.33391 -1 -1 -1 0 0 0
RightShoulder : 0 0 0 -1 -1 -1 0 0 0
RightToeBase : 2.14088 -0.778337 -0.0371875 -1 -1 -1 0 0 0
RightUpLeg : -15.0784 7.65416 24.0222 -1 -1 -1 0 0 0
Spin : -4.9991 0.793425 1.06612 -1 -1 -1 0 0 0
Spin1 : 0.340812 0.814375 4.86484 -1 -1 -1 0 0 0
Spin2 : 3.10838 0.402075 4.50258 -1 -1 -1 0 0 0
frame 4 26
Head : 18.25 0.546712 -2.42339 -1 -1 -1 0 0 0
Hips : 9.0791 -2.73026 -7.63436 0.535275 17.765 -7.8449 0 0 0
LeftArm : 29.8916 -1.14704 -89.3552 -1 -1 -1 0 0 0
LeftFoot : -19.0368 -3.21454 1.25467 -1 -1 -1 0 0 0
LeftForeArm : -2.93998 -22.7039 14.0228 -1 -1 -1 0 0 0
LeftHand : 0 0 0 -1 -1 -1 0 0 0
LeftHandThumb1 : -9.80534 59.6622 -26.0847 -1 -1 -1 0 0 0
LeftHip : 0 0 0 -1 -1 -1 0 0 0
LeftLeg : 33.5669 11.4102 3.56328 -1 -1 -1 0 0 0
LeftShoulder : 0 0 0 -1 -1 -1 0 0 0
LeftToeBase : -5.69388 -2.06579 0.1023 -1 -1 -1 0 0 0
LeftUpLeg : -19.5585 -4.30989 -9.76546 -1 -1 -1 0 0 0
Neck : -14.1251 0.39775 0.87955 -1 -1 -1 0 0 0
RightArm : 24.9301 1.90712 84.2874 -1 -1 -1 0 0 0
RightFoot : -16.6529 0.343013 -0.657313 -1 -1 -1 0 0 0
RightForeArm : -2.96427 23.2489 -14.3725 -1 -1 -1 0 0 0
RightHand : 0 0 0 -1 -1 -1 0 0 0
RightHandThumb1 : 3.52013 -18.662 5.5486 -1 -1 -1 0 0 0
RightHip : 0 0 0 -1 -1 -1 0 0 0
RightLeg : 27.4238 -9.55571 -2.25989 -1 -1 -1 0 0 0
RightShoulder : 0 0 0 -1 -1 -1 0 0 0
RightToeBase : 2.36245 -0.859262 -0.16255 -1 -1 -1 0 0 0
RightUpLeg : -15.3569 7.78847 23.9424 -1 -1 -1 0 0 0
Spin : -4.75857 0.793225 1.19927 -1 -1 -1 0 0 0
Spin1 : 0.43495 0.923138 4.88746 -1 -1 -1 0 0 0
Spin2 : 3.06359 0.418087 4.45705 -1 -1 -1 0 0 0
frame 5 26
Head : 18.4143 0.530212 -2.43288 -1 -1 -1 0 0 0
Hips : 9.52627 -3.07204 -7.41076 0.7201 17.6466 -7.726 0 0 0
LeftArm : 29.0966 -0.825488 -89.2378 -1 -1 -1 0 0 0
LeftFoot : -19.1514 -3.14111 1.33942 -1 -1 -1 0 0 0
LeftForeArm : -2.94271 -23.0024 14.2229 -1 -1 -1 0 0 0
LeftHand : 0 0 0 -1 -1 -1 0 0 0
LeftHandThumb1 : -9.98318 59.8382 -26.2754 -1 -1 -1 0 0 0
LeftHip : 0 0 0 -1 -1 -1 0 0 0
LeftLeg : 33.7154 11.4786 3.64557 -1 -1 -1 0 0 0
LeftShoulder : 0 0 0 -1 -1 -1 0 0 0
LeftToeBase : -5.3305 -1.93485 0.186912 -1 -1 -1 0 0 0
LeftUpLeg : -20.0941 -4.30175 -10.4441 -1 -1 -1 0 0 0
Neck : -14.1867 0.485188 0.8158 -1 -1 -1 0 0 0
RightArm : 25.17 1.9815 84.1346 -1 -1 -1 0 0 0
RightFoot : -16.4634 0.632625 -0.509738 -1 -1 -1 0 0 0
RightForeArm : -2.99187 23.2369 -14.3719 -1 -1 -1 0 0 0
RightHand : 0 0 0 -1 -1 -1 0 0 0
RightHandThumb1 : 3.39859 -18.5268 5.39287 -1 -1 -1 0 0 0
RightHip : 0 0 0 -1 -1 -1 0 0 0
RightLeg : 27.5697 -9.40534 -2.54915 -1 -1 -1 0 0 0
RightShoulder : 0 0 0 -1 -1 -1 0 0 0
RightToeBase : 0.532812 -0.19385 -0.189462 -1 -1 -1 0 0 0
RightUpLeg : -15.9158 7.75539 23.1547 -1 -1 -1 0 0 0
Spin : -4.08314 1.0656 0.69165 -1 -1 -1 0 0 0
Spin1 : 0.459625 1.14127 4.7279 -1 -1 -1 0 0 0
Spin2 : 2.68921 0.568087 4.56895 -1 -1 -1 0 0 0
frame 6 26
Head : 18.5109 0.521775 -2.43885 -1 -1 -1 0 0 0
Hips : 10.05 -3.65657 -7.44878 0.957013 17.5136 -7.54611 0 0 0
LeftArm : 28.7444 -0.862575 -89.0314 -1 -1 -1 0 0 0
LeftFoot : -19.4297 -2.72688 1.33688 -1 -1 -1 0 0 0
LeftForeArm : -3.09709 -23.423 14.5198 -1 -1 -1 0 0 0
LeftHand : 0 0 0 -1 -1 -1 0 0 0
LeftHandThumb1 : -9.709 59.4324 -26.3458 -1 -1 -1 0 0 0
LeftHip : 0 0 0 -1 -1 -1 0 0 0
LeftLeg : 33.7689 11.5584 3.68796 -1 -1 -1 0 0 0
LeftShoulder : 0 0 0 -1 -1 -1 0 0 0
LeftToeBase : -7.50386 -2.72118 0.221988 -1 -1 -1 0 0 0
LeftUpLeg : -20.5679 -4.02103 -11.1807 -1 -1 -1 0 0 0
Neck : -14.1334 0.4131 0.919687 -1 -1 -1 0 0 0
RightArm : 24.9129 2.09711 84.0023 -1 -1 -1 0 0 0
RightFoot : -16.3972 0.789725 -0.315025 -1 -1 -1 0 0 0
RightForeArm : -2.9618 23.0804 -14.2631 -1 -1 -1 0 0 0
RightHand : 0 0 0 -1 -1 -1 0 0 0
RightHandThumb1 : 3.41597 -18.4085 5.30166 -1 -1 -1 0 0 0
RightHip : 0 0 0 -1 -1 -1 0 0 0
RightLeg : 27.0494 -9.38491 -3.57925 -1 -1 -1 0 0 0
RightShoulder : 0 0 0 -1 -1 -1 0 0 0
RightToeBase : -0.458925 0.167012 -0.259412 -1 -1 -1 0 0 0
RightUpLeg : -16.469 8.07841 22.3631 -1 -1 -1 0 0 0
Spin : -3.6327 1.34046 0.18555 -1 -1 -1 0 0 0
Spin1 : 0.632087 1.69664 4.53379 -1 -1 -1 0 0 0
Spin2 : 2.56727 0.807712 4.67247 -1 -1 -1 0 0 0
frame 7 26
Head : 18.5913 0.549225 -2.44664 -1 -1 -1 0 0 0
Hips : 10.5006 -3.52284 -7.86661 1.17678 17.4118 -7.31096 0 0 0
LeftArm : 28.7221 -1.02905 -88.429 -1 -1 -1 0 0 0
LeftFoot : -20.0114 -3.50963 1.18286 -1 -1 -1 0 0 0
LeftForeArm : -3.40322 -24.2272 15.1251 -1 -1 -1 0 0 0
LeftHand : 0 0 0 -1 -1 -1 0 0 0
LeftHandThumb1 : -9.93201 59.5637 -26.481 -1 -1 -1 0 0 0
LeftHip : 0 0 0 -1 -1 -1 0 0 0
LeftLeg : 34.1556 11.675 3.56173 -1 -1 -1 0 0 0
LeftShoulder : 0 0 0 -1 -1 -1 0 0 0
LeftToeBase : -6.52205 -2.35782 0.0653 -1 -1 -1 0 0 0
LeftUpLeg : -21.1472 -3.91969 -11.4332 -1 -1 -1 0 0 0
Neck : -14.0144 0.40965 1.0128 -1 -1 -1 0 0 0
RightArm : 25.4763 2.29208 84.1064 -1 -1 -1 0 0 0
RightFoot : -15.9116 0.538988 -0.253525 -1 -1 -1 0 0 0
RightForeArm : -3.19359 23.5172 -14.5716 -1 -1 -1 0 0 0
RightHand : 0 0 0 -1 -1 -1 0 0 0
RightHandThumb1 : 3.32085 -18.6199 5.24535 -1 -1 -1 0 0 0
RightHip : 0 0 0 -1 -1 -1 0 0 0
RightLeg : 28.1398 -10.3134 -4.92488 -1 -1 -1 0 0 0
RightShoulder : 0 0 0 -1 -1 -1 0 0 0
RightToeBase : -0.684975 0.249175 -0.225862 -1 -1 -1 0 0 0
RightUpLeg : -16.9359 7.98614 22.0432 -1 -1 -1 0 0 0
Spin : -2.97938 1.61184 -0.441787 -1 -1 -1 0 0 0
Spin1 : 0.873163 2.03119 4.3909 -1 -1 -1 0 0 0
Spin2 : 2.41519 1.01884 4.87203 -1 -1 -1 0 0 0
frame 8 26
Head : 18.5839 0.46745 -2.5091 -1 -1 -1 0 0 0
Hips : 10.8098 -4.4207 -8.05575 1.35159 17.3203 -6.93634 0 0 0
LeftArm : 28.2584 -1.80981 -87.0579 -1 -1 -1 0 0 0
LeftFoot : -20.3452 -4.04859 0.861825 -1 -1 -1 0 0 0
LeftForeArm : -3.64329 -24.9127 15.6201 -1 -1 -1 0 0 0
LeftHand : 0 0 0 -1 -1 -1 0 0 0
LeftHandThumb1 : -10.2342 59.9523 -26.6015 -1 -1 -1 0 0 0
LeftHip : 0 0 0 -1 -1 -1 0 0 0
LeftLeg : 34.362 11.5907 3.23667 -1 -1 -1 0 0 0
LeftShoulder : 0 0 0 -1 -1 -1 0 0 0
LeftToeBase : -1.98476 -0.721662 0.1454 -1 -1 -1 0 0 0
LeftUpLeg : -21.1538 -3.66546 -12.0994 -1 -1 -1 0 0 0
Neck : -13.9268 0.260775 1.12195 -1 -1 -1 0 0 0
RightArm : 27.0504 2.66271 84.4608 -1 -1 -1 0 0 0
RightFoot : -14.9499 1.84335 -0.183937 -1 -1 -1 0 0 0
RightForeArm : -3.4691 24.6645 -15.4376 -1 -1 -1 0 0 0
RightHand : 0 0 0 -1 -1 -1 0 0 0
RightHandThumb1 : 3.50513 -18.3848 5.42926 -1 -1 -1 0 0 0
RightHip : 0 0 0 -1 -1 -1 0 0 0
RightLeg : 33.5805 -12.753 -4.54859 -1 -1 -1 0 0 0
RightShoulder : 0 0 0 -1 -1 -1 0 0 0
RightToeBase : -2.46354 0.895238 -0.121825 -1 -1 -1 0 0 0
RightUpLeg : -20.0681 6.64963 21.2793 -1 -1 -1 0 0 0
Spin : -1.91005 2.47655 -1.58229 -1 -1 -1 0 0 0
Spin1 : 1.34573 3.12889 3.82916 -1 -1 -1 0 0 0
Spin2 : 2.18326 1.53813 4.9356 -1 -1 -1 0 0 0
frame 9 26
Head : 18.5148 0.17625 -2.46755 -1 -1 -1 0 0 0
Hips : 10.4732 -4.28449 -7.70834 1.36809 17.3626 -6.24122 0 0 0
LeftArm : 28.7753 -2.22002 -85.7044 -1 -1 -1 0 0 0
LeftFoot : -21.2622 -4.71429 0.7825 -1 -1 -1 0 0 0
LeftForeArm : -4.17838 -26.6219 16.9058 -1 -1 -1 0 0 0
LeftHand : 0 0 0 -1 -1 -1 0 0 0
LeftHandThumb1 : -10.1141 60.3155 -25.7736 -1 -1 -1 0 0 0
LeftHip : 0 0 0 -1 -1 -1 0 0 0
LeftLeg : 34.711 11.1886 2.97708 -1 -1 -1 0 0 0
LeftShoulder : 0 0 0 -1 -1 -1 0 0 0
LeftToeBase : -4.07409 -1.48055 0.290725 -1 -1 -1 0 0 0
LeftUpLeg : -20.5356 -3.412 -13.1603 -1 -1 -1 0 0 0
Neck : -13.9621 -0.0733375 0.959013 -1 -1 -1 0 0 0
RightArm : 28.9501 4.41971 84.3319 -1 -1 -1 0 0 0
RightFoot : -15.1377 0.017875 -0.081175 -1 -1 -1 0 0 0
RightForeArm : -3.2687 24.4348 -15.2204 -1 -1 -1 0 0 0
RightHand : 0 0 0 -1 -1 -1 0 0 0
RightHandThumb1 : 3.24617 -17.4783 5.04059 -1 -1 -1 0 0 0
RightHip : 0 0 0 -1 -1 -1 0 0 0
RightLeg : 40.8158 -13.1813 -2.92575 -1 -1 -1 0 0 0
RightShoulder : 0 0 0 -1 -1 -1 0 0 0
RightToeBase : -6.98555 2.51039 -0.117538 -1 -1 -1 0 0 0
RightUpLeg : -25.4194 4.919 20.2952 -1 -1 -1 0 0 0
Spin : -0.215775 3.28896 -2.32032 -1 -1 -1 0 0 0
Spin1 : 2.24014 4.28049 3.31008 -1 -1 -1 0 0 0
Spin2 : 2.0626 2.09914 4.74081 -1 -1 -1 0 0 0
frame 10 26
Head : 17.9915 -0.379138 -2.45027 -1 -1 -1 0 0 0
Hips : 11.8707 -0.659887 -7.18646 1.04605 17.614 -5.22575 0 0 0
LeftArm : 38.2986 -0.945463 -84.4598 -1 -1 -1 0 0 0
LeftFoot : -20.4756 -6.99078 0.955025 -1 -1 -1 0 0 0
LeftForeArm : -7.62491 -31.8213 21.3307 -1 -1 -1 0 0 0
LeftHand : 0 0 0 -1 -1 -1 0 0 0
LeftHandThumb1 : -9.61814 61.7887 -22.1357 -1 -1 -1 0 0 0
LeftHip : 0 0 0 -1 -1 -1 0 0 0
LeftLeg : 33.6739 10.6671 2.79842 -1 -1 -1 0 0 0
LeftShoulder : 0 0 0 -1 -1 -1 0 0 0
LeftToeBase : -0.941638 -0.34155 0.523913 -1 -1 -1 0 0 0
LeftUpLeg : -21.0234 -4.80156 -13.2563 -1 -1 -1 0 0 0
Neck : -14.7838 -0.829 0.395487 -1 -1 -1 0 0 0
RightArm : 30.0997 9.58266 82.5469 -1 -1 -1 0 0 0
RightFoot : -12.3817 -1.8651 -0.0472625 -1 -1 -1 0 0 0
RightForeArm : -3.69282 24.8371 -15.4945 -1 -1 -1 0 0 0
RightHand : 0 0 0 -1 -1 -1 0 0 0
RightHandThumb1 : 2.7518 -17.1203 4.20553 -1 -1 -1 0 0 0
RightHip : 0 0 0 -1 -1 -1 0 0 0
RightLeg : 33.298 -9.76285 -2.90494 -1 -1 -1 0 0 0
RightShoulder : 0 0 0 -1 -1 -1 0 0 0
RightToeBase : -5.9566 2.14174 -0.5536 -1 -1 -1 0 0 0
RightUpLeg : -33.0308 6.71014 20.0671 -1 -1 -1 0 0 0
Spin : 2.90634 3.15804 -2.31755 -1 -1 -1 0 0 0
Spin1 : 3.74146 4.22058 3.5531 -1 -1 -1 0 0 0
Spin2 : 1.84137 1.99126 4.85504 -1 -1 -1 0 0 0
frame 11 26
Head : 15.6155 -2.1063 -2.52321 -1 -1 -1 0 0 0
Hips : 18.4018 8.80481 -4.0187 0.0795 17.7873 -4.0809 0 0 0
LeftArm : 53.5366 0.394062 -83.2392 -1 -1 -1 0 0 0
LeftFoot : -17.9021 -12.9793 0.192462 -1 -1 -1 0 0 0
LeftForeArm : -15.8853 -41.9803 34.411 -1 -1 -1 0 0 0
LeftHand : 0 0 0 -1 -1 -1 0 0 0
LeftHandThumb1 : -3.79516 56.1089 -13.6906 -1 -1 -1 0 0 0
LeftHip : 0 0 0 -1 -1 -1 0 0 0
LeftLeg : 31.2206 10.6159 3.41283 -1 -1 -1 0 0 0
LeftShoulder : 0 0 0 -1 -1 -1 0 0 0
LeftToeBase : 0.426187 0.1554 0.766912 -1 -1 -1 0 0 0
LeftUpLeg : -25.6986 -8.6321 -12.5018 -1 -1 -1 0 0 0
Neck : -15.3382 -3.2456 -0.95795 -1 -1 -1 0 0 0
RightArm : 29.4441 20.1119 76.9346 -1 -1 -1 0 0 0
RightFoot : -9.51923 -1.65218 0.280575 -1 -1 -1 0 0 0
RightForeArm : -4.30946 26.9576 -17.1412 -1 -1 -1 0 0 0
RightHand : 0 0 0 -1 -1 -1 0 0 0
RightHandThumb1 : 2.06919 -17.0931 3.13211 -1 -1 -1 0 0 0
RightHip : 0 0 0 -1 -1 -1 0 0 0
RightLeg : 27.898 -10.6351 -4.35284 -1 -1 -1 0 0 0
RightShoulder : 0 0 0 -1 -1 -1 0 0 0
RightToeBase : -3.87984 1.40225 -0.825125 -1 -1 -1 0 0 0
RightUpLeg : -41.722 12.1891 15.2297 -1 -1 -1 0 0 0
Spin : 8.21475 3.10242 -2.25087 -1 -1 -1 0 0 0
Spin1 : 6.80632 4.06074 5.11695 -1 -1 -1 0 0 0
Spin2 : 2.0308 1.93161 6.28118 -1 -1 -1 0 0 0
frame 12 26
Head : 9.38991 -4.8204 -1.34883 -1 -1 -1 0 0 0
Hips : 38.4406 21.0297 4.44435 -1.05365 17.6904 -3.25805 0 0 0
LeftArm : 67.6125 -12.3696 -84.303 -1 -1 -1 0 0 0
LeftFoot : -18.83 -5.05204 0.444913 -1 -1 -1 0 0 0
LeftForeArm : -19.1108 -45.0411 38.9753 -1 -1 -1 0 0 0
LeftHand : 0 0 0 -1 -1 -1 0 0 0
LeftHandThumb1 : -0.169425 54.9483 4.78755 -1 -1 -1 0 0 0
LeftHip : 0 0 0 -1 -1 -1 0 0 0
LeftLeg : 32.7282 11.3171 2.90701 -1 -1 -1 0 0 0
LeftShoulder : 0 0 0 -1 -1 -1 0 0 0
LeftToeBase : -10.0092 -3.59633 0.425125 -1 -1 -1 0 0 0
LeftUpLeg : -39.7893 -14.8505 -5.63141 -1 -1 -1 0 0 0
Neck : -16.7904 -7.35502 -3.95061 -1 -1 -1 0 0 0
RightArm : 4.56501 45.965 36.7844 -1 -1 -1 0 0 0
RightFoot : -8.45165 -4.16424 0.273612 -1 -1 -1 0 0 0
RightForeArm : -3.12175 22.0714 -13.7304 -1 -1 -1 0 0 0
RightHand : 0 0 0 -1 -1 -1 0 0 0
RightHandThumb1 : 2.03704 -19.4602 3.52091 -1 -1 -1 0 0 0
RightHip : 0 0 0 -1 -1 -1 0 0 0
RightLeg : 36.4116 -12.4537 -3.78979 -1 -1 -1 0 0 0
RightShoulder : 0 0 0 -1 -1 -1 0 0 0
RightToeBase : 10.0002 -3.58385 -0.711 -1 -1 -1 0 0 0
RightUpLeg : -64.738 10.8868 11.5467 -1 -1 -1 0 0 0
Spin : 19.8331 4.19457 0.466238 -1 -1 -1 0 0 0
Spin1 : 13.0548 5.9972 10.4986 -1 -1 -1 0 0 0
Spin2 : 2.30605 2.74974 9.8676 -1 -1 -1 0 0 0
frame 13 26
Head : 6.11041 -5.45145 0.122925 -1 -1 -1 0 0 0
Hips : 43.0801 18.1715 5.10945 -0.767938 13.3653 -2.97862 0 0 0
LeftArm : 64.1913 -13.9075 -84.1256 -1 -1 -1 0 0 0
LeftFoot : -3.69605 -5.76341 0.593112 -1 -1 -1 0 0 0
LeftForeArm : -18.2761 -45.7324 39.0849 -1 -1 -1 0 0 0
LeftHand : 0 0 0 -1 -1 -1 0 0 0
LeftHandThumb1 : 4.85552 62.4703 8.89659 -1 -1 -1 0 0 0
LeftHip : 0 0 0 -1 -1 -1 0 0 0
LeftLeg : 35.5499 10.6624 2.8331 -1 -1 -1 0 0 0
LeftShoulder : 0 0 0 -1 -1 -1 0 0 0
LeftToeBase : -7.37224 -2.66218 1.04936 -1 -1 -1 0 0 0
LeftUpLeg : -33.6048 -12.4597 -5.1377 -1 -1 -1 0 0 0
Neck : -17.9005 -8.80148 -5.39736 -1 -1 -1 0 0 0
RightArm : -11.2845 31.1838 13.6856 -1 -1 -1 0 0 0
RightFoot : -8.25515 -2.01721 -0.213175 -1 -1 -1 0 0 0
RightForeArm : -17.0658 29.9485 -24.3003 -1 -1 -1 0 0 0
RightHand : 0 0 0 -1 -1 -1 0 0 0
RightHandThumb1 : -3.41002 -20.1158 -4.8611 -1 -1 -1 0 0 0
RightHip : 0 0 0 -1 -1 -1 0 0 0
RightLeg : 32.6314 -11.1214 -2.9233 -1 -1 -1 0 0 0
RightShoulder : 0 0 0 -1 -1 -1 0 0 0
RightToeBase : 9.32696 -3.33331 -0.589663 -1 -1 -1 0 0 0
RightUpLeg : -65.1663 10.7607 8.95207 -1 -1 -1 0 0 0
Spin : 22.1057 2.934 3.79228 -1 -1 -1 0 0 0
Spin1 : 11.0804 5.46875 9.94016 -1 -1 -1 0 0 0
Spin2 : 0.083975 2.54416 7.06229 -1 -1 -1 0 0 0
