importances 26
Head : 0.188348
Hips : 0
LeftArm : 0.320493
LeftFoot : 0.6216
LeftForeArm : 0.290315
LeftHand : 0
LeftHandThumb1 : 0
LeftHip : 0
LeftLeg : 0.721155
LeftShoulder : 0
LeftToeBase : 0.109251
LeftUpLeg : 0.238443
Neck : 0
RightArm : 0.28839
RightFoot : 0.493877
RightForeArm : 0.309488
RightHand : 0
RightHandThumb1 : 0
RightHip : 0
RightLeg : 0.749945
RightShoulder : 0
RightToeBase : 0.0400583
RightUpLeg : 0.207701
Spin : 0
Spin1 : 0.17867
Spin2 : 0.179419
offsets 26
Head : 1.83053
Hips : 0
LeftArm : 3.51279
LeftFoot : 7.7045
LeftForeArm : 4.95663
LeftHand : 3.38177
LeftHandThumb1 : 0
LeftHip : 0
LeftLeg : 7.40818
LeftShoulder : 0
LeftToeBase : 2.09456
LeftUpLeg : 2.53602
Neck : 0
RightArm : 3.40627
RightFoot : 7.7897
RightForeArm : 5.08365
RightHand : 3.35984
RightHandThumb1 : 0
RightHip : 0
RightLeg : 7.55487
RightShoulder : 0
RightToeBase : 2.19144
RightUpLeg : 2.27268
Spin : 0
Spin1 : 1.98161
Spin2 : 1.97558
frame 0 26
Head : 16.9299 0.662588 -1.95831 -1 -1 -1 0 0 0
Hips : 8.29194 -1.30251 -4.80203 0.0831 18.1337 -9.45523 0 0 0
LeftArm : 33.5914 -0.774688 -89.306 -1 -1 -1 0 0 0
LeftFoot : -15.1198 -1.61438 0.67895 -1 -1 -1 0 0 0
LeftForeArm : -11.1954 -29.0562 25.5035 -1 -1 -1 0 0 0
LeftHand : 0 0 0 -1 -1 -1 0 0 0
LeftHandThumb1 : -10.9577 63.299 -21.6542 -1 -1 -1 0 0 0
LeftHip : 0 0 0 -1 -1 -1 0 0 0
LeftLeg : 24.4452 8.55889 1.86294 -1 -1 -1 0 0 0
LeftShoulder : 0 0 0 -1 -1 -1 0 0 0
LeftToeBase : -8.37995 -3.03531 0.228125 -1 -1 -1 0 0 0
LeftUpLeg : -13.9731 -2.1343 -13.5049 -1 -1 -1 0 0 0
Neck : -16.5782 0.7794 0.879225 -1 -1 -1 0 0 0
RightArm : 30.1771 1.77614 83.4461 -1 -1 -1 0 0 0
RightFoot : -14.6126 -3.57851 -0.43715 -1 -1 -1 0 0 0
RightForeArm : -11.6304 26.087 -24.9706 -1 -1 -1 0 0 0
RightHand : 0 0 0 -1 -1 -1 0 0 0
RightHandThumb1 : 3.95288 -17.4029 6.10801 -1 -1 -1 0 0 0
RightHip : 0 0 0 -1 -1 -1 0 0 0
RightLeg : 23.2085 -8.1617 -1.68342 -1 -1 -1 0 0 0
RightShoulder : 0 0 0 -1 -1 -1 0 0 0
RightToeBase : 9.31622 -3.36279 -0.325237 -1 -1 -1 0 0 0
RightUpLeg : -14.0974 6.087 25.2226 -1 -1 -1 0 0 0
Spin : -6.35112 0.247225 -1.65433 -1 -1 -1 0 0 0
Spin1 : -0.54105 0.319775 4.49967 -1 -1 -1 0 0 0
Spin2 : 2.9636 0.113913 5.64765 -1 -1 -1 0 0 0
frame 1 26
Head : 17.1556 0.763975 -2.00651 -1 -1 -1 0 0 0
Hips : 8.22212 -2.11556 -5.16257 0.209012 18.128 -9.46974 0 0 0
LeftArm : 33.7731 -0.912675 -88.85 -1 -1 -1 0 0 0
LeftFoot : -15.2643 -1.39794 0.7063 -1 -1 -1 0 0 0
LeftForeArm : -11.0861 -28.8896 25.3466 -1 -1 -1 0 0 0
LeftHand : 0 0 0 -1 -1 -1 0 0 0
LeftHandThumb1 : -13.3157 64.4362 -27.3148 -1 -1 -1 0 0 0
LeftHip : 0 0 0 -1 -1 -1 0 0 0
LeftLeg : 24.2436 8.49273 1.83699 -1 -1 -1 0 0 0
LeftShoulder : 0 0 0 -1 -1 -1 0 0 0
LeftToeBase : -8.49715 -3.07764 0.232863 -1 -1 -1 0 0 0
LeftUpLeg : -13.7758 -1.74005 -13.5984 -1 -1 -1 0 0 0
Neck : -16.5398 0.926888 1.09336 -1 -1 -1 0 0 0
RightArm : 30.3346 1.38015 84.0853 -1 -1 -1 0 0 0
RightFoot : -14.1246 -3.08171 -0.438888 -1 -1 -1 0 0 0
RightForeArm : -11.5503 26.0017 -24.8344 -1 -1 -1 0 0 0
RightHand : 0 0 0 -1 -1 -1 0 0 0
RightHandThumb1 : 3.93131 -17.1264 5.96536 -1 -1 -1 0 0 0
RightHip : 0 0 0 -1 -1 -1 0 0 0
RightLeg : 22.6976 -7.99409 -1.6051 -1 -1 -1 0 0 0
RightShoulder : 0 0 0 -1 -1 -1 0 0 0
RightToeBase : 9.57631 -3.45519 -0.342875 -1 -1 -1 0 0 0
RightUpLeg : -13.8729 5.92995 25.1496 -1 -1 -1 0 0 0
Spin : -6.19937 0.474225 -1.84456 -1 -1 -1 0 0 0
Spin1 : -0.38715 0.635187 4.41909 -1 -1 -1 0 0 0
Spin2 : 3.0057 0.270013 5.69544 -1 -1 -1 0 0 0
frame 2 26
Head : 17.482 0.924325 -2.10969 -1 -1 -1 0 0 0
Hips : 8.43873 -3.02306 -5.35096 0.32155 18.0741 -9.49766 0 0 0
LeftArm : 32.419 -0.985437 -88.3944 -1 -1 -1 0 0 0
LeftFoot : -15.509 -0.970313 0.752 -1 -1 -1 0 0 0
LeftForeArm : -10.7595 -27.8128 24.5722 -1 -1 -1 0 0 0
LeftHand : 0 0 0 -1 -1 -1 0 0 0
LeftHandThumb1 : -13.2738 64.0105 -27.6053 -1 -1 -1 0 0 0
LeftHip : 0 0 0 -1 -1 -1 0 0 0
LeftLeg : 24.1654 8.47121 1.81524 -1 -1 -1 0 0 0
LeftShoulder : 0 0 0 -1 -1 -1 0 0 0
LeftToeBase : -6.31018 -2.29054 0.125663 -1 -1 -1 0 0 0
LeftUpLeg : -13.754 -1.86539 -13.8003 -1 -1 -1 0 0 0
Neck : -16.2208 1.17353 1.33005 -1 -1 -1 0 0 0
RightArm : 31.4678 0.868788 84.6785 -1 -1 -1 0 0 0
RightFoot : -13.7135 -2.5457 -0.441562 -1 -1 -1 0 0 0
RightForeArm : -11.6226 26.2916 -25.0266 -1 -1 -1 0 0 0
RightHand : 0 0 0 -1 -1 -1 0 0 0
RightHandThumb1 : 4.00599 -17.0881 6.04546 -1 -1 -1 0 0 0
RightHip : 0 0 0 -1 -1 -1 0 0 0
RightLeg : 22.6273 -7.96689 -1.58676 -1 -1 -1 0 0 0
RightShoulder : 0 0 0 -1 -1 -1 0 0 0
RightToeBase : 9.88173 -3.55764 -0.406262 -1 -1 -1 0 0 0
RightUpLeg : -14.1246 6.11251 24.9131 -1 -1 -1 0 0 0
Spin : -6.19835 0.658312 -2.01401 -1 -1 -1 0 0 0
Spin1 : -0.341887 0.895237 4.23602 -1 -1 -1 0 0 0
Spin2 : 3.02635 0.400225 5.61926 -1 -1 -1 0 0 0
frame 3 26
Head : 17.8295 1.06064 -2.28211 -1 -1 -1 0 0 0
Hips : 8.52484 -3.46861 -5.54377 0.4257 18.009 -9.42429 0 0 0
LeftArm : 30.1158 -1.17985 -88.2994 -1 -1 -1 0 0 0
LeftFoot : -15.6237 -0.988813 0.79365 -1 -1 -1 0 0 0
LeftForeArm : -10.1952 -25.9504 23.1913 -1 -1 -1 0 0 0
LeftHand : 0 0 0 -1 -1 -1 0 0 0
LeftHandThumb1 : -14.157 64.5139 -28.3667 -1 -1 -1 0 0 0
LeftHip : 0 0 0 -1 -1 -1 0 0 0
LeftLeg : 24.1635 8.48036 1.85636 -1 -1 -1 0 0 0
LeftShoulder : 0 0 0 -1 -1 -1 0 0 0
LeftToeBase : -5.4669 -1.98554 0.102112 -1 -1 -1 0 0 0
LeftUpLeg : -13.8944 -1.45892 -14.0081 -1 -1 -1 0 0 0
Neck : -16.0777 1.34756 1.55039 -1 -1 -1 0 0 0
RightArm : 32.0583 0.42845 85.0314 -1 -1 -1 0 0 0
RightFoot : -13.5419 -2.24309 -0.454575 -1 -1 -1 0 0 0
RightForeArm : -11.7255 26.6593 -25.2997 -1 -1 -1 0 0 0
RightHand : 0 0 0 -1 -1 -1 0 0 0
RightHandThumb1 : 4.01006 -17.0156 6.00292 -1 -1 -1 0 0 0
RightHip : 0 0 0 -1 -1 -1 0 0 0
RightLeg : 22.4946 -7.91885 -1.59403 -1 -1 -1 0 0 0
RightShoulder : 0 0 0 -1 -1 -1 0 0 0
RightToeBase : 10.8661 -3.89937 -0.515138 -1 -1 -1 0 0 0
RightUpLeg : -14.0958 6.25163 24.7099 -1 -1 -1 0 0 0
Spin : -6.25733 0.684287 -2.03455 -1 -1 -1 0 0 0
Spin1 : -0.2203 0.930013 4.17127 -1 -1 -1 0 0 0
Spin2 : 3.18161 0.406425 5.57017 -1 -1 -1 0 0 0
frame 4 26
Head : 18.0468 1.15507 -2.29721 -1 -1 -1 0 0 0
Hips : 8.72563 -3.71186 -5.7231 0.517412 17.9355 -9.38178 0 0 0
LeftArm : 29.1046 -1.02364 -88.382 -1 -1 -1 0 0 0
LeftFoot : -15.8261 -0.789313 0.855025 -1 -1 -1 0 0 0
LeftForeArm : -10.0229 -25.0443 22.6175 -1 -1 -1 0 0 0
LeftHand : 0 0 0 -1 -1 -1 0 0 0
LeftHandThumb1 : -12.9434 63.6701 -27.4771 -1 -1 -1 0 0 0
LeftHip : 0 0 0 -1 -1 -1 0 0 0
LeftLeg : 24.2698 8.55705 1.91953 -1 -1 -1 0 0 0
LeftShoulder : 0 0 0 -1 -1 -1 0 0 0
LeftToeBase : -4.91332 -1.7851 0.057 -1 -1 -1 0 0 0
LeftUpLeg : -14.0599 -1.50781 -14.1699 -1 -1 -1 0 0 0
Neck : -16.031 1.47641 1.4804 -1 -1 -1 0 0 0
RightArm : 32.1764 0.543575 84.7797 -1 -1 -1 0 0 0
RightFoot : -13.4363 -2.04041 -0.486337 -1 -1 -1 0 0 0
RightForeArm : -11.7606 26.5886 -25.2939 -1 -1 -1 0 0 0
RightHand : 0 0 0 -1 -1 -1 0 0 0
RightHandThumb1 : 3.83331 -17.8289 5.8923 -1 -1 -1 0 0 0
RightHip : 0 0 0 -1 -1 -1 0 0 0
RightLeg : 22.3955 -7.9272 -1.6463 -1 -1 -1 0 0 0
RightShoulder : 0 0 0 -1 -1 -1 0 0 0
RightToeBase : 9.9128 -3.56605 -0.434737 -1 -1 -1 0 0 0
RightUpLeg : -14.2245 6.33862 24.5522 -1 -1 -1 0 0 0
Spin : -6.07601 0.664612 -2.05719 -1 -1 -1 0 0 0
Spin1 : -0.122012 0.895538 4.23378 -1 -1 -1 0 0 0
Spin2 : 3.1844 0.391825 5.64549 -1 -1 -1 0 0 0
frame 5 26
Head : 18.1707 1.18346 -2.28692 -1 -1 -1 0 0 0
Hips : 9.0833 -3.80399 -5.60975 0.610563 17.9539 -9.29233 0 0 0
LeftArm : 29.8849 -0.665125 -88.4759 -1 -1 -1 0 0 0
LeftFoot : -15.806 -0.968112 0.893338 -1 -1 -1 0 0 0
LeftForeArm : -10.1382 -25.5037 22.9117 -1 -1 -1 0 0 0
LeftHand : 0 0 0 -1 -1 -1 0 0 0
LeftHandThumb1 : -12.9176 63.9534 -27.18 -1 -1 -1 0 0 0
LeftHip : 0 0 0 -1 -1 -1 0 0 0
LeftLeg : 24.3684 8.63171 2.08546 -1 -1 -1 0 0 0
LeftShoulder : 0 0 0 -1 -1 -1 0 0 0
LeftToeBase : -5.11848 -1.85964 0.103212 -1 -1 -1 0 0 0
LeftUpLeg : -14.582 -1.38508 -14.6326 -1 -1 -1 0 0 0
Neck : -15.8046 1.52374 1.35429 -1 -1 -1 0 0 0
RightArm : 31.572 1.00006 84.3756 -1 -1 -1 0 0 0
RightFoot : -13.3767 -2.22669 -0.47425 -1 -1 -1 0 0 0
RightForeArm : -11.6319 26.3287 -25.0654 -1 -1 -1 0 0 0
RightHand : 0 0 0 -1 -1 -1 0 0 0
RightHandThumb1 : 3.61458 -18.2914 5.66141 -1 -1 -1 0 0 0
RightHip : 0 0 0 -1 -1 -1 0 0 0
RightLeg : 22.4728 -7.97454 -1.71905 -1 -1 -1 0 0 0
RightShoulder : 0 0 0 -1 -1 -1 0 0 0
RightToeBase : 8.65431 -3.12124 -0.348625 -1 -1 -1 0 0 0
RightUpLeg : -14.5649 6.58748 24.0456 -1 -1 -1 0 0 0
Spin : -5.99047 0.62705 -2.31479 -1 -1 -1 0 0 0
Spin1 : -0.0082125 0.860662 4.26156 -1 -1 -1 0 0 0
Spin2 : 3.25567 0.393913 5.81618 -1 -1 -1 0 0 0
frame 6 26
Head : 18.2352 1.17333 -2.35349 -1 -1 -1 0 0 0
Hips : 8.90938 -4.60736 -5.71729 0.71635 17.9415 -9.17051 0 0 0
LeftArm : 31.0045 -0.484325 -88.4039 -1 -1 -1 0 0 0
LeftFoot : -16.4517 -0.242613 0.7959 -1 -1 -1 0 0 0
LeftForeArm : -10.2634 -26.3617 23.4055 -1 -1 -1 0 0 0
LeftHand : 0 0 0 -1 -1 -1 0 0 0
LeftHandThumb1 : -13.4802 63.9001 -28.0886 -1 -1 -1 0 0 0
LeftHip : 0 0 0 -1 -1 -1 0 0 0
LeftLeg : 24.515 8.827 2.40154 -1 -1 -1 0 0 0
LeftShoulder : 0 0 0 -1 -1 -1 0 0 0
LeftToeBase : -4.2013 -1.52639 0.0465375 -1 -1 -1 0 0 0
LeftUpLeg : -14.1147 -1.38922 -15.1239 -1 -1 -1 0 0 0
Neck : -15.4451 1.47236 1.4557 -1 -1 -1 0 0 0
RightArm : 31.3436 1.11059 84.083 -1 -1 -1 0 0 0
RightFoot : -13.4982 -1.68379 -0.395363 -1 -1 -1 0 0 0
RightForeArm : -11.711 26.5524 -25.2034 -1 -1 -1 0 0 0
RightHand : 0 0 0 -1 -1 -1 0 0 0
RightHandThumb1 : 3.74619 -18.4934 5.88924 -1 -1 -1 0 0 0
RightHip : 0 0 0 -1 -1 -1 0 0 0
RightLeg : 22.9937 -8.25001 -2.06337 -1 -1 -1 0 0 0
RightShoulder : 0 0 0 -1 -1 -1 0 0 0
RightToeBase : 5.90963 -2.1407 -0.17265 -1 -1 -1 0 0 0
RightUpLeg : -14.5651 6.6465 23.6823 -1 -1 -1 0 0 0
Spin : -5.78099 0.984388 -1.91823 -1 -1 -1 0 0 0
Spin1 : 0.315612 1.30769 4.11644 -1 -1 -1 0 0 0
Spin2 : 3.43989 0.557912 5.47859 -1 -1 -1 0 0 0
frame 7 26
Head : 18.2115 1.05801 -2.33148 -1 -1 -1 0 0 0
Hips : 9.0547 -3.93016 -5.63714 0.800037 17.8427 -9.01796 0 0 0
LeftArm : 32.7445 -0.767037 -88.3151 -1 -1 -1 0 0 0
LeftFoot : -16.6898 -0.980962 0.804337 -1 -1 -1 0 0 0
LeftForeArm : -10.4845 -27.213 23.9768 -1 -1 -1 0 0 0
LeftHand : 0 0 0 -1 -1 -1 0 0 0
LeftHandThumb1 : -13.2542 64.0395 -27.5338 -1 -1 -1 0 0 0
LeftHip : 0 0 0 -1 -1 -1 0 0 0
LeftLeg : 25.1046 9.12295 2.82232 -1 -1 -1 0 0 0
LeftShoulder : 0 0 0 -1 -1 -1 0 0 0
LeftToeBase : -3.7889 -1.37535 0.07675 -1 -1 -1 0 0 0
LeftUpLeg : -14.5777 -1.72443 -15.4055 -1 -1 -1 0 0 0
Neck : -15.196 1.35524 1.38881 -1 -1 -1 0 0 0
RightArm : 31.8735 1.46644 83.828 -1 -1 -1 0 0 0
RightFoot : -14.0508 -2.64862 -0.254787 -1 -1 -1 0 0 0
RightForeArm : -11.6575 26.619 -25.16 -1 -1 -1 0 0 0
RightHand : 0 0 0 -1 -1 -1 0 0 0
RightHandThumb1 : 3.24402 -17.1506 4.89521 -1 -1 -1 0 0 0
RightHip : 0 0 0 -1 -1 -1 0 0 0
RightLeg : 24.5661 -8.89334 -3.19194 -1 -1 -1 0 0 0
RightShoulder : 0 0 0 -1 -1 -1 0 0 0
RightToeBase : 3.61176 -1.31196 -0.0688375 -1 -1 -1 0 0 0
RightUpLeg : -15.4882 6.79597 23.3188 -1 -1 -1 0 0 0
Spin : -5.18471 0.8933 -2.2028 -1 -1 -1 0 0 0
Spin1 : 0.4708 1.20754 4.09222 -1 -1 -1 0 0 0
Spin2 : 3.26564 0.53565 5.59557 -1 -1 -1 0 0 0
frame 8 26
Head : 18.1464 1.00878 -2.31003 -1 -1 -1 0 0 0
Hips : 8.89511 -3.95946 -5.32291 0.906575 17.741 -8.79838 0 0 0
LeftArm : 34.0754 -1.25685 -88.3149 -1 -1 -1 0 0 0
LeftFoot : -17.0825 -1.46106 0.743875 -1 -1 -1 0 0 0
LeftForeArm : -10.8547 -28.2201 24.7503 -1 -1 -1 0 0 0
LeftHand : 0 0 0 -1 -1 -1 0 0 0
LeftHandThumb1 : -12.827 63.7726 -26.9621 -1 -1 -1 0 0 0
LeftHip : 0 0 0 -1 -1 -1 0 0 0
LeftLeg : 26.0658 9.51118 2.4094 -1 -1 -1 0 0 0
LeftShoulder : 0 0 0 -1 -1 -1 0 0 0
LeftToeBase : -4.42373 -1.60011 0.137763 -1 -1 -1 0 0 0
LeftUpLeg : -14.899 -1.48719 -16.1809 -1 -1 -1 0 0 0
Neck : -15.0101 1.20561 1.15183 -1 -1 -1 0 0 0
RightArm : 32.3127 1.99295 83.7129 -1 -1 -1 0 0 0
RightFoot : -14.1745 -3.15562 -0.170162 -1 -1 -1 0 0 0
RightForeArm : -11.5623 26.9342 -25.1709 -1 -1 -1 0 0 0
RightHand : 0 0 0 -1 -1 -1 0 0 0
RightHandThumb1 : 1.9237 -16.2782 2.95496 -1 -1 -1 0 0 0
RightHip : 0 0 0 -1 -1 -1 0 0 0
RightLeg : 28.0419 -10.3452 -5.35207 -1 -1 -1 0 0 0
RightShoulder : 0 0 0 -1 -1 -1 0 0 0
RightToeBase : 2.4307 -0.884088 -0.0162625 -1 -1 -1 0 0 0
RightUpLeg : -17.1582 6.7888 22.5493 -1 -1 -1 0 0 0
Spin : -4.59432 1.03019 -2.62028 -1 -1 -1 0 0 0
Spin1 : 0.895875 1.40857 3.9634 -1 -1 -1 0 0 0
Spin2 : 3.34569 0.656338 5.71219 -1 -1 -1 0 0 0
frame 9 26
Head : 18.0328 0.994412 -2.44275 -1 -1 -1 0 0 0
Hips : 8.68077 -4.02156 -4.53777 1.01227 17.6219 -8.42407 0 0 0
LeftArm : 36.2774 -1.36575 -87.7719 -1 -1 -1 0 0 0
LeftFoot : -17.0494 -2.56485 0.681137 -1 -1 -1 0 0 0
LeftForeArm : -11.2441 -29.9789 25.9266 -1 -1 -1 0 0 0
LeftHand : 0 0 0 -1 -1 -1 0 0 0
LeftHandThumb1 : -12.6361 63.399 -27.0078 -1 -1 -1 0 0 0
LeftHip : 0 0 0 -1 -1 -1 0 0 0
LeftLeg : 27.6631 9.69968 1.49031 -1 -1 -1 0 0 0
LeftShoulder : 0 0 0 -1 -1 -1 0 0 0
LeftToeBase : -4.41171 -1.58732 0.257188 -1 -1 -1 0 0 0
LeftUpLeg : -15.6188 -0.768062 -17.4303 -1 -1 -1 0 0 0
Neck : -14.5351 1.1703 1.13501 -1 -1 -1 0 0 0
RightArm : 33.0811 2.80263 83.6313 -1 -1 -1 0 0 0
RightFoot : -14.3381 -2.85112 0.171787 -1 -1 -1 0 0 0
RightForeArm : -11.585 27.4472 -25.3966 -1 -1 -1 0 0 0
RightHand : 0 0 0 -1 -1 -1 0 0 0
RightHandThumb1 : 1.70795 -15.9998 2.6551 -1 -1 -1 0 0 0
RightHip : 0 0 0 -1 -1 -1 0 0 0
RightLeg : 34.8587 -12.5564 -5.4739 -1 -1 -1 0 0 0
RightShoulder : 0 0 0 -1 -1 -1 0 0 0
RightToeBase : 1.35301 -0.492288 -0.0433375 -1 -1 -1 0 0 0
RightUpLeg : -21.198 6.27274 21.2598 -1 -1 -1 0 0 0
Spin : -3.8057 1.14028 -3.35311 -1 -1 -1 0 0 0
Spin1 : 1.33672 1.5947 3.59031 -1 -1 -1 0 0 0
Spin2 : 3.32135 0.7249 5.72366 -1 -1 -1 0 0 0
frame 10 26
Head : 18.0837 1.05508 -2.3706 -1 -1 -1 0 0 0
Hips : 8.47954 -3.79994 -4.1917 1.09612 17.4409 -7.9161 0 0 0
LeftArm : 38.8986 -1.44104 -87.0614 -1 -1 -1 0 0 0
LeftFoot : -15.9012 -4.24903 0.749238 -1 -1 -1 0 0 0
LeftForeArm : -11.9349 -31.4649 27.3061 -1 -1 -1 0 0 0
LeftHand : 0 0 0 -1 -1 -1 0 0 0
LeftHandThumb1 : -12.8908 63.2627 -27.5426 -1 -1 -1 0 0 0
LeftHip : 0 0 0 -1 -1 -1 0 0 0
LeftLeg : 29.4215 8.96217 1.02661 -1 -1 -1 0 0 0
LeftShoulder : 0 0 0 -1 -1 -1 0 0 0
LeftToeBase : -5.29564 -1.91235 0.421562 -1 -1 -1 0 0 0
LeftUpLeg : -16.5824 0.20135 -17.7588 -1 -1 -1 0 0 0
Neck : -14.5903 1.20579 1.16177 -1 -1 -1 0 0 0
RightArm : 34.2127 3.63486 83.4648 -1 -1 -1 0 0 0
RightFoot : -11.995 -4.27657 0.262562 -1 -1 -1 0 0 0
RightForeArm : -11.8342 28.218 -25.9765 -1 -1 -1 0 0 0
RightHand : 0 0 0 -1 -1 -1 0 0 0
RightHandThumb1 : 1.13271 -15.8096 1.87374 -1 -1 -1 0 0 0
RightHip : 0 0 0 -1 -1 -1 0 0 0
RightLeg : 42.4018 -13.6251 -3.0623 -1 -1 -1 0 0 0
RightShoulder : 0 0 0 -1 -1 -1 0 0 0
RightToeBase : 0.360087 -0.130725 -0.091625 -1 -1 -1 0 0 0
RightUpLeg : -27.8252 5.01494 20.4244 -1 -1 -1 0 0 0
Spin : -2.34947 1.31521 -3.60048 -1 -1 -1 0 0 0
Spin1 : 1.91112 1.81819 3.31586 -1 -1 -1 0 0 0
Spin2 : 3.06919 0.745163 5.55975 -1 -1 -1 0 0 0
frame 11 26
Head : 17.9659 0.94745 -2.46471 -1 -1 -1 0 0 0
Hips : 8.75536 -2.39599 -3.86914 1.10359 17.1608 -7.34222 0 0 0
LeftArm : 44.2179 -1.09008 -86.1697 -1 -1 -1 0 0 0
LeftFoot : -15.9455 -4.33194 0.468038 -1 -1 -1 0 0 0
LeftForeArm : -12.8892 -33.6851 29.1683 -1 -1 -1 0 0 0
LeftHand : 0 0 0 -1 -1 -1 0 0 0
LeftHandThumb1 : -13.7062 62.2543 -29.4429 -1 -1 -1 0 0 0
LeftHip : 0 0 0 -1 -1 -1 0 0 0
LeftLeg : 26.6073 7.18207 1.25369 -1 -1 -1 0 0 0
LeftShoulder : 0 0 0 -1 -1 -1 0 0 0
LeftToeBase : -6.83622 -2.47216 0.359587 -1 -1 -1 0 0 0
LeftUpLeg : -15.6813 0.664125 -17.9992 -1 -1 -1 0 0 0
Neck : -14.446 1.07566 1.12296 -1 -1 -1 0 0 0
RightArm : 34.8702 4.38509 82.9133 -1 -1 -1 0 0 0
RightFoot : -11.2591 -5.21756 0.22865 -1 -1 -1 0 0 0
RightForeArm : -12.085 29.0055 -26.5377 -1 -1 -1 0 0 0
RightHand : 0 0 0 -1 -1 -1 0 0 0
RightHandThumb1 : 0.640787 -14.5217 1.28752 -1 -1 -1 0 0 0
RightHip : 0 0 0 -1 -1 -1 0 0 0
RightLeg : 37.281 -11.1466 -1.57344 -1 -1 -1 0 0 0
RightShoulder : 0 0 0 -1 -1 -1 0 0 0
RightToeBase : -1.38145 0.502537 -0.1144 -1 -1 -1 0 0 0
RightUpLeg : -31.7179 3.31831 20.1013 -1 -1 -1 0 0 0
Spin : -1.26829 1.1884 -4.11029 -1 -1 -1 0 0 0
Spin1 : 2.46605 1.63237 3.34697 -1 -1 -1 0 0 0
Spin2 : 3.04426 0.633375 5.85675 -1 -1 -1 0 0 0
frame 12 26
Head : 17.6288 0.791962 -2.48435 -1 -1 -1 0 0 0
Hips : 10.406 -1.04412 -3.6764 0.994363 16.6535 -6.78526 0 0 0
LeftArm : 49.7135 -1.68223 -85.2078 -1 -1 -1 0 0 0
LeftFoot : -15.0826 -4.44264 -0.214037 -1 -1 -1 0 0 0
LeftForeArm : -13.3032 -35.8547 30.3571 -1 -1 -1 0 0 0
LeftHand : 0 0 0 -1 -1 -1 0 0 0
LeftHandThumb1 : -9.44826 59.207 -24.3033 -1 -1 -1 0 0 0
LeftHip : 0 0 0 -1 -1 -1 0 0 0
LeftLeg : 20.0503 6.32512 2.82872 -1 -1 -1 0 0 0
LeftShoulder : 0 0 0 -1 -1 -1 0 0 0
LeftToeBase : -4.93154 -1.78365 0.456888 -1 -1 -1 0 0 0
LeftUpLeg : -13.6453 0.427488 -17.737 -1 -1 -1 0 0 0
Neck : -14.7318 0.8593 0.88215 -1 -1 -1 0 0 0
RightArm : 36.2262 5.7405 82.1543 -1 -1 -1 0 0 0
RightFoot : -8.53579 -6.40361 0.202113 -1 -1 -1 0 0 0
RightForeArm : -12.0936 29.6016 -26.816 -1 -1 -1 0 0 0
RightHand : 0 0 0 -1 -1 -1 0 0 0
RightHandThumb1 : 0.546113 -13.2451 1.11949 -1 -1 -1 0 0 0
RightHip : 0 0 0 -1 -1 -1 0 0 0
RightLeg : 23.4182 -7.54405 -2.33519 -1 -1 -1 0 0 0
RightShoulder : 0 0 0 -1 -1 -1 0 0 0
RightToeBase : 1.66021 -0.595288 -0.130862 -1 -1 -1 0 0 0
RightUpLeg : -32.5085 4.23138 19.3661 -1 -1 -1 0 0 0
Spin : 0.0518 1.30799 -4.42273 -1 -1 -1 0 0 0
Spin1 : 2.9415 1.74831 3.43719 -1 -1 -1 0 0 0
Spin2 : 2.77268 0.688675 6.08162 -1 -1 -1 0 0 0
frame 13 26
Head : 17.179 0.502575 -2.44967 -1 -1 -1 0 0 0
Hips : 12.3605 1.0254 -3.0367 0.67705 16.2722 -6.25812 0 0 0
LeftArm : 58.1144 -3.76104 -83.7015 -1 -1 -1 0 0 0
LeftFoot : -13.8609 -5.59039 -0.0883125 -1 -1 -1 0 0 0
LeftForeArm : -12.6221 -36.8088 29.7581 -1 -1 -1 0 0 0
LeftHand : 0 0 0 -1 -1 -1 0 0 0
LeftHandThumb1 : -5.22891 54.6005 -18.1085 -1 -1 -1 0 0 0
LeftHip : 0 0 0 -1 -1 -1 0 0 0
LeftLeg : 18.0165 8.06571 8.33333 -1 -1 -1 0 0 0
LeftShoulder : 0 0 0 -1 -1 -1 0 0 0
LeftToeBase : -6.75201 -2.44546 0.744075 -1 -1 -1 0 0 0
LeftUpLeg : -12.4994 -0.29425 -17.0915 -1 -1 -1 0 0 0
Neck : -15.0747 0.448013 0.383925 -1 -1 -1 0 0 0
RightArm : 37.7236 8.47315 81.231 -1 -1 -1 0 0 0
RightFoot : -7.30256 -8.1068 0.05975 -1 -1 -1 0 0 0
RightForeArm : -11.2883 30.421 -26.107 -1 -1 -1 0 0 0
RightHand : 0 0 0 -1 -1 -1 0 0 0
RightHandThumb1 : 0.0884625 -13.0293 0.200913 -1 -1 -1 0 0 0
RightHip : 0 0 0 -1 -1 -1 0 0 0
RightLeg : 18.3242 -7.54574 -2.27557 -1 -1 -1 0 0 0
RightShoulder : 0 0 0 -1 -1 -1 0 0 0
RightToeBase : 1.06604 -0.377762 -0.23165 -1 -1 -1 0 0 0
RightUpLeg : -32.0784 6.94452 17.1719 -1 -1 -1 0 0 0
Spin : 2.27034 1.40874 -4.53454 -1 -1 -1 0 0 0
Spin1 : 3.87007 1.81158 3.55833 -1 -1 -1 0 0 0
Spin2 : 2.4879 0.7448 6.22064 -1 -1 -1 0 0 0
frame 14 26
Head : 16.0481 0.00803748 -2.44983 -1 -1 -1 0 0 0
Hips : 15.3388 3.5667 -2.68306 0.265425 16.058 -5.6483 0 0 0
LeftArm : 70.3411 -8.74539 -81.121 -1 -1 -1 0 0 0
LeftFoot : -13.3422 -7.40723 -0.344537 -1 -1 -1 0 0 0
LeftForeArm : -12.3273 -39.041 30.0605 -1 -1 -1 0 0 0
LeftHand : 0 0 0 -1 -1 -1 0 0 0
LeftHandThumb1 : -1.79169 48.8093 -18.466 -1 -1 -1 0 0 0
LeftHip : 0 0 0 -1 -1 -1 0 0 0
LeftLeg : 25.9914 14.3891 5.91749 -1 -1 -1 0 0 0
LeftShoulder : 0 0 0 -1 -1 -1 0 0 0
LeftToeBase : -13.3522 -4.7874 0.756675 -1 -1 -1 0 0 0
LeftUpLeg : -17.3758 -2.5496 -14.9068 -1 -1 -1 0 0 0
Neck : -15.7809 -0.232963 -0.11 -1 -1 -1 0 0 0
RightArm : 37.0261 15.6143 79.4225 -1 -1 -1 0 0 0
RightFoot : -3.37112 -7.62356 -0.161013 -1 -1 -1 0 0 0
RightForeArm : -7.61915 29.8044 -22.2495 -1 -1 -1 0 0 0
RightHand : 0 0 0 -1 -1 -1 0 0 0
RightHandThumb1 : -1.35792 -13.2769 -1.76992 -1 -1 -1 0 0 0
RightHip : 0 0 0 -1 -1 -1 0 0 0
RightLeg : 27.0967 -8.98141 -3.33949 -1 -1 -1 0 0 0
RightShoulder : 0 0 0 -1 -1 -1 0 0 0
RightToeBase : 0.4351 -0.1574 -0.1809 -1 -1 -1 0 0 0
RightUpLeg : -38.6838 6.3667 16.8894 -1 -1 -1 0 0 0
Spin : 7.14306 1.86733 -3.68138 -1 -1 -1 0 0 0
Spin1 : 5.60726 2.23824 4.18839 -1 -1 -1 0 0 0
Spin2 : 1.59464 0.991513 6.27818 -1 -1 -1 0 0 0
frame 15 26
Head : 13.663 -0.93845 -2.35545 -1 -1 -1 0 0 0
Hips : 21.2522 6.87338 -2.0482 -0.0163375 16.0054 -4.93013 0 0 0
LeftArm : 83.0911 -17.0987 -78.3629 -1 -1 -1 0 0 0
LeftFoot : -10.7257 -8.6984 -0.8061 -1 -1 -1 0 0 0
LeftForeArm : -14.6776 -43.078 33.7442 -1 -1 -1 0 0 0
LeftHand : 0 0 0 -1 -1 -1 0 0 0
LeftHandThumb1 : 1.06004 45.4098 -3.96382 -1 -1 -1 0 0 0
LeftHip : 0 0 0 -1 -1 -1 0 0 0
LeftLeg : 40.4804 14.6654 3.94905 -1 -1 -1 0 0 0
LeftShoulder : 0 0 0 -1 -1 -1 0 0 0
LeftToeBase : -17.9622 -6.38287 0.487025 -1 -1 -1 0 0 0
LeftUpLeg : -34.5502 -6.61273 -10.0311 -1 -1 -1 0 0 0
Neck : -17.1123 -1.61178 -1.3407 -1 -1 -1 0 0 0
RightArm : 35.7591 32.3201 72.281 -1 -1 -1 0 0 0
RightFoot : -5.72236 -7.5375 -0.547887 -1 -1 -1 0 0 0
RightForeArm : -4.58155 27.4758 -18.157 -1 -1 -1 0 0 0
RightHand : 0 0 0 -1 -1 -1 0 0 0
RightHandThumb1 : -2.23959 -13.2045 -2.94469 -1 -1 -1 0 0 0
RightHip : 0 0 0 -1 -1 -1 0 0 0
RightLeg : 31.0113 -11.1079 -5.23284 -1 -1 -1 0 0 0
RightShoulder : 0 0 0 -1 -1 -1 0 0 0
RightToeBase : -0.909588 0.330825 -0.319525 -1 -1 -1 0 0 0
RightUpLeg : -47.7214 5.65874 17.3874 -1 -1 -1 0 0 0
Spin : 15.4198 2.76415 -2.59896 -1 -1 -1 0 0 0
Spin1 : 8.95016 3.32776 5.54135 -1 -1 -1 0 0 0
Spin2 : 0.619988 1.48845 6.71781 -1 -1 -1 0 0 0
frame 16 26
Head : 9.76701 -3.12711 -2.18736 -1 -1 -1 0 0 0
Hips : 30.1943 9.82949 -0.303137 0.0167375 16.2334 -4.51849 0 0 0
LeftArm : 80.3477 -22.3357 -74.3824 -1 -1 -1 0 0 0
LeftFoot : -3.25356 -13.8899 -1.35999 -1 -1 -1 0 0 0
LeftForeArm : -29.2845 -51.2314 51.3259 -1 -1 -1 0 0 0
LeftHand : 0 0 0 -1 -1 -1 0 0 0
LeftHandThumb1 : 36.9317 45.6668 -6.46301 -1 -1 -1 0 0 0
LeftHip : 0 0 0 -1 -1 -1 0 0 0
LeftLeg : 48.8619 11.9968 6.28764 -1 -1 -1 0 0 0
LeftShoulder : 0 0 0 -1 -1 -1 0 0 0
LeftToeBase : -11.354 -4.07981 0.703587 -1 -1 -1 0 0 0
LeftUpLeg : -57.8018 -11.9228 -4.114 -1 -1 -1 0 0 0
Neck : -16.8864 -4.64306 -2.76824 -1 -1 -1 0 0 0
RightArm : 15.6722 49.024 47.7135 -1 -1 -1 0 0 0
RightFoot : -9.89596 -5.76679 -0.77455 -1 -1 -1 0 0 0
RightForeArm : -3.76523 25.6932 -16.2725 -1 -1 -1 0 0 0
RightHand : 0 0 0 -1 -1 -1 0 0 0
RightHandThumb1 : -4.70956 -9.62387 -5.68586 -1 -1 -1 0 0 0
RightHip : 0 0 0 -1 -1 -1 0 0 0
RightLeg : 43.0123 -14.2838 -7.84601 -1 -1 -1 0 0 0
RightShoulder : 0 0 0 -1 -1 -1 0 0 0
RightToeBase : 0.845712 -0.290513 -0.337825 -1 -1 -1 0 0 0
RightUpLeg : -62.9067 4.2346 16.2797 -1 -1 -1 0 0 0
Spin : 26.3701 4.44399 0.161462 -1 -1 -1 0 0 0
Spin1 : 12.2911 5.86295 6.9809 -1 -1 -1 0 0 0
Spin2 : -1.11829 2.94475 5.70735 -1 -1 -1 0 0 0
frame 17 26
Head : 6.22771 -4.8678 -1.95195 -1 -1 -1 0 0 0
Hips : 40.2466 9.25731 1.40963 0.3122 16.5376 -4.26527 0 0 0
LeftArm : 79.5151 -23.4513 -71.8734 -1 -1 -1 0 0 0
LeftFoot : -4.47441 -15.5049 -1.49056 -1 -1 -1 0 0 0
LeftForeArm : -43.033 -55.6561 69.284 -1 -1 -1 0 0 0
LeftHand : 0 0 0 -1 -1 -1 0 0 0
LeftHandThumb1 : 38.2533 48.7123 5.0563 -1 -1 -1 0 0 0
LeftHip : 0 0 0 -1 -1 -1 0 0 0
LeftLeg : 38.5867 14.4675 7.29584 -1 -1 -1 0 0 0
LeftShoulder : 0 0 0 -1 -1 -1 0 0 0
LeftToeBase : -10.5943 -3.76302 0.26445 -1 -1 -1 0 0 0
LeftUpLeg : -72.1313 -14.3765 -4.00743 -1 -1 -1 0 0 0
Neck : -15.6728 -7.51251 -3.28672 -1 -1 -1 0 0 0
RightArm : -16.4971 55.8549 17.6026 -1 -1 -1 0 0 0
RightFoot : -13.2484 -2.53374 -0.887137 -1 -1 -1 0 0 0
RightForeArm : -2.89945 22.743 -14.0105 -1 -1 -1 0 0 0
RightHand : 0 0 0 -1 -1 -1 0 0 0
RightHandThumb1 : -7.97241 -6.00614 -8.61099 -1 -1 -1 0 0 0
RightHip : 0 0 0 -1 -1 -1 0 0 0
RightLeg : 50.1666 -15.8674 -9.65011 -1 -1 -1 0 0 0
RightShoulder : 0 0 0 -1 -1 -1 0 0 0
RightToeBase : -0.368262 0.127463 -0.323237 -1 -1 -1 0 0 0
RightUpLeg : -75.4792 3.28105 14.093 -1 -1 -1 0 0 0
Spin : 33.9361 7.26367 1.86873 -1 -1 -1 0 0 0
Spin1 : 15.2599 9.4729 7.71601 -1 -1 -1 0 0 0
Spin2 : -1.19277 4.41474 4.18612 -1 -1 -1 0 0 0
frame 18 26
Head : 4.14999 -6.12907 -1.70451 -1 -1 -1 0 0 0
Hips : 47.7093 11.3273 2.76854 0.680225 17.2487 -4.17509 0 0 0
LeftArm : 79.8604 -23.7003 -69.7484 -1 -1 -1 0 0 0
LeftFoot : 0.944787 -19.4454 -1.3368 -1 -1 -1 0 0 0
LeftForeArm : -52.7808 -55.9818 81.3751 -1 -1 -1 0 0 0
LeftHand : 0 0 0 -1 -1 -1 0 0 0
LeftHandThumb1 : 44.2539 48.824 12.8107 -1 -1 -1 0 0 0
LeftHip : 0 0 0 -1 -1 -1 0 0 0
LeftLeg : 44.9475 15.2878 7.30064 -1 -1 -1 0 0 0
LeftShoulder : 0 0 0 -1 -1 -1 0 0 0
LeftToeBase : -2.3749 -0.859412 0.3814 -1 -1 -1 0 0 0
LeftUpLeg : -83.3537 -16.1996 -4.68916 -1 -1 -1 0 0 0
Neck : -14.1133 -9.30501 -4.29969 -1 -1 -1 0 0 0
RightArm : -41.2045 59.7755 -4.36872 -1 -1 -1 0 0 0
RightFoot : -16.4373 -1.23411 -0.94735 -1 -1 -1 0 0 0
RightForeArm : -2.31535 20.6092 -12.5557 -1 -1 -1 0 0 0
RightHand : 0 0 0 -1 -1 -1 0 0 0
RightHandThumb1 : -8.70603 -7.16634 -9.65755 -1 -1 -1 0 0 0
RightHip : 0 0 0 -1 -1 -1 0 0 0
RightLeg : 58.5629 -17.3102 -10.9281 -1 -1 -1 0 0 0
RightShoulder : 0 0 0 -1 -1 -1 0 0 0
RightToeBase : -2.94947 1.0701 -0.5871 -1 -1 -1 0 0 0
RightUpLeg : -86.598 1.80689 12.0065 -1 -1 -1 0 0 0
Spin : 36.4621 7.35067 4.25056 -1 -1 -1 0 0 0
Spin1 : 16.3285 10.4712 8.84134 -1 -1 -1 0 0 0
Spin2 : -0.876838 4.80893 3.61081 -1 -1 -1 0 0 0
frame 19 26
Head : 2.69264 -6.65787 -1.55779 -1 -1 -1 0 0 0
Hips : 53.946 13.1338 5.01019 0.677062 15.4676 -3.59081 0 0 0
LeftArm : 81.3139 -24.0024 -68.8817 -1 -1 -1 0 0 0
LeftFoot : 1.97016 -18.8866 -0.706237 -1 -1 -1 0 0 0
LeftForeArm : -53.2052 -49.4798 82.1667 -1 -1 -1 0 0 0
LeftHand : 0 0 0 -1 -1 -1 0 0 0
LeftHandThumb1 : 50.765 44.1438 22.0789 -1 -1 -1 0 0 0
LeftHip : 0 0 0 -1 -1 -1 0 0 0
LeftLeg : 48.5891 15.0422 6.23506 -1 -1 -1 0 0 0
LeftShoulder : 0 0 0 -1 -1 -1 0 0 0
LeftToeBase : 3.17576 1.16101 0.516325 -1 -1 -1 0 0 0
LeftUpLeg : -90.6583 -19.7004 -6.25479 -1 -1 -1 0 0 0
Neck : -12.1761 -10.1406 -3.8875 -1 -1 -1 0 0 0
RightArm : -48.3431 57.49 -10.912 -1 -1 -1 0 0 0
RightFoot : -15.6825 -0.71905 -0.697925 -1 -1 -1 0 0 0
RightForeArm : -3.15424 22.672 -13.7484 -1 -1 -1 0 0 0
RightHand : 0 0 0 -1 -1 -1 0 0 0
RightHandThumb1 : -9.63076 -10.2206 -10.6736 -1 -1 -1 0 0 0
RightHip : 0 0 0 -1 -1 -1 0 0 0
RightLeg : 61.8707 -17.4749 -10.1525 -1 -1 -1 0 0 0
RightShoulder : 0 0 0 -1 -1 -1 0 0 0
RightToeBase : -3.99711 1.45104 -0.417137 -1 -1 -1 0 0 0
RightUpLeg : -93.2963 -0.141775 9.39135 -1 -1 -1 0 0 0
Spin : 33.6949 6.97276 5.25074 -1 -1 -1 0 0 0
Spin1 : 16.2196 10.1949 9.21126 -1 -1 -1 0 0 0
Spin2 : 0.02095 4.64333 3.83832 -1 -1 -1 0 0 0
