importances 26
Head : 0.0604511
Hips : 0
LeftArm : 0.349493
LeftFoot : 0.214044
LeftForeArm : 0.26805
LeftHand : 0
LeftHandThumb1 : 0
LeftHip : 0
LeftLeg : 0.417286
LeftShoulder : 0
LeftToeBase : 0.114802
LeftUpLeg : 0.0994658
Neck : 0
RightArm : 0.347124
RightFoot : 0.197037
RightForeArm : 0.405209
RightHand : 0
RightHandThumb1 : 0
RightHip : 0
RightLeg : 0.450183
RightShoulder : 0
RightToeBase : 0.0738805
RightUpLeg : 0.114586
Spin : 0
Spin1 : 0.0508754
Spin2 : 0.142228
offsets 26
Head : 1.72601
Hips : 0
LeftArm : 3.47956
LeftFoot : 7.71864
LeftForeArm : 5.52302
LeftHand : 3.58675
LeftHandThumb1 : 0
LeftHip : 0
LeftLeg : 7.54288
LeftShoulder : 0
LeftToeBase : 2.18429
LeftUpLeg : 2.5165
Neck : 0
RightArm : 3.44099
RightFoot : 7.77122
RightForeArm : 5.8478
RightHand : 3.62717
RightHandThumb1 : 0
RightHip : 0
RightLeg : 7.43366
RightShoulder : 0
RightToeBase : 2.2293
RightUpLeg : 2.50835
Spin : 0
Spin1 : 1.95077
Spin2 : 1.96246
frame 0 26
Head : -1.70392 0.429825 -0.109746 -1 -1 -1 0 0 0
Hips : 4.85778 -0.955521 -3.56699 0.837948 18.1373 -29.0783 0 0 0
LeftArm : 41.8128 16.9291 -63.8421 -1 -1 -1 0 0 0
LeftFoot : 14.4757 5.62307 1.17889 -1 -1 -1 0 0 0
LeftForeArm : -39.9137 -76.5566 75.224 -1 -1 -1 0 0 0
LeftHand : 0 0 0 -1 -1 -1 0 0 0
LeftHandThumb1 : -1.26334 38.5654 8.27583 -1 -1 -1 0 0 0
LeftHip : 0 0 0 -1 -1 -1 0 0 0
LeftLeg : 37.5559 9.82774 6.17293 -1 -1 -1 0 0 0
LeftShoulder : 0 0 0 -1 -1 -1 0 0 0
LeftToeBase : -9.43574 -3.3895 0.423106 -1 -1 -1 0 0 0
LeftUpLeg : -12.5957 -5.83272 -7.59283 -1 -1 -1 0 0 0
Neck : -4.98138 0.643615 -0.217595 -1 -1 -1 0 0 0
RightArm : 44.3862 -7.53237 58.569 -1 -1 -1 0 0 0
RightFoot : 15.0415 -8.79534 -1.73917 -1 -1 -1 0 0 0
RightForeArm : 21.9725 93.8855 -10.5071 -1 -1 -1 0 0 0
RightHand : 0 0 0 -1 -1 -1 0 0 0
RightHandThumb1 : -8.02941 -1.48633 -8.17433 -1 -1 -1 0 0 0
RightHip : 0 0 0 -1 -1 -1 0 0 0
RightLeg : 40.0376 -12.7231 -5.14674 -1 -1 -1 0 0 0
RightShoulder : 0 0 0 -1 -1 -1 0 0 0
RightToeBase : 8.74362 -3.12681 -0.50501 -1 -1 -1 0 0 0
RightUpLeg : -3.55308 5.9042 24.2826 -1 -1 -1 0 0 0
Spin : 15.4083 -1.14847 2.59789 -1 -1 -1 0 0 0
Spin1 : 0.969127 -1.17286 0.333394 -1 -1 -1 0 0 0
Spin2 : -7.34222 -0.615705 -0.804791 -1 -1 -1 0 0 0
frame 1 26
Head : -2.02963 0.389256 0.00747246 -1 -1 -1 0 0 0
Hips : 4.55298 -0.257011 -2.346 0.816633 18.0555 -26.8315 0 0 0
LeftArm : 43.2436 15.2361 -83.8107 -1 -1 -1 0 0 0
LeftFoot : 14.863 3.84901 1.28922 -1 -1 -1 0 0 0
LeftForeArm : -39.4787 -76.4097 74.6756 -1 -1 -1 0 0 0
LeftHand : 0 0 0 -1 -1 -1 0 0 0
LeftHandThumb1 : -0.987361 39.602 8.04248 -1 -1 -1 0 0 0
LeftHip : 0 0 0 -1 -1 -1 0 0 0
LeftLeg : 43.1088 10.8141 7.15132 -1 -1 -1 0 0 0
LeftShoulder : 0 0 0 -1 -1 -1 0 0 0
LeftToeBase : -13.5268 -4.73247 1.10004 -1 -1 -1 0 0 0
LeftUpLeg : -13.9464 -5.44132 -16.9167 -1 -1 -1 0 0 0
Neck : -7.52939 0.574777 -0.189717 -1 -1 -1 0 0 0
RightArm : 43.9604 -6.04854 78.2978 -1 -1 -1 0 0 0
RightFoot : 13.0812 -14.2278 -1.71266 -1 -1 -1 0 0 0
RightForeArm : 26.188 92.0271 -5.38416 -1 -1 -1 0 0 0
RightHand : 0 0 0 -1 -1 -1 0 0 0
RightHandThumb1 : -5.71958 -2.68968 -5.89906 -1 -1 -1 0 0 0
RightHip : 0 0 0 -1 -1 -1 0 0 0
RightLeg : 46.4803 -14.0114 -6.98292 -1 -1 -1 0 0 0
RightShoulder : 0 0 0 -1 -1 -1 0 0 0
RightToeBase : 6.26896 -2.20933 -0.719296 -1 -1 -1 0 0 0
RightUpLeg : -5.29264 5.77636 25.5135 -1 -1 -1 0 0 0
Spin : 14.9364 -1.23738 1.50789 -1 -1 -1 0 0 0
Spin1 : 1.81149 -1.41793 -0.0599333 -1 -1 -1 0 0 0
Spin2 : -6.18562 -0.703154 -0.610303 -1 -1 -1 0 0 0
frame 2 26
Head : -2.82085 0.281269 0.119752 -1 -1 -1 0 0 0
Hips : 3.68915 -0.893727 -1.2677 0.784269 17.8534 -24.7091 0 0 0
LeftArm : 45.9921 14.89 -82.4768 -1 -1 -1 0 0 0
LeftFoot : 11.4337 -1.02295 0.984654 -1 -1 -1 0 0 0
LeftForeArm : -39.8456 -75.366 75.0561 -1 -1 -1 0 0 0
LeftHand : 0 0 0 -1 -1 -1 0 0 0
LeftHandThumb1 : -0.637861 41.1477 8.4198 -1 -1 -1 0 0 0
LeftHip : 0 0 0 -1 -1 -1 0 0 0
LeftLeg : 51.4474 13.1596 8.87104 -1 -1 -1 0 0 0
LeftShoulder : 0 0 0 -1 -1 -1 0 0 0
LeftToeBase : -9.49398 -3.42165 0.347124 -1 -1 -1 0 0 0
LeftUpLeg : -16.1419 -3.38155 -20.286 -1 -1 -1 0 0 0
Neck : -4.17389 0.391449 -0.28865 -1 -1 -1 0 0 0
RightArm : 43.0316 -7.82204 78.6453 -1 -1 -1 0 0 0
RightFoot : 12.2758 -15.7593 -1.2655 -1 -1 -1 0 0 0
RightForeArm : 32.2236 90.5907 1.64229 -1 -1 -1 0 0 0
RightHand : 0 0 0 -1 -1 -1 0 0 0
RightHandThumb1 : -6.27463 -0.581641 -6.21254 -1 -1 -1 0 0 0
RightHip : 0 0 0 -1 -1 -1 0 0 0
RightLeg : 55.7064 -14.6636 -10.3458 -1 -1 -1 0 0 0
RightShoulder : 0 0 0 -1 -1 -1 0 0 0
RightToeBase : 5.55755 -1.93964 -0.959835 -1 -1 -1 0 0 0
RightUpLeg : -7.39347 3.78578 22.3787 -1 -1 -1 0 0 0
Spin : 16.4052 -0.625592 -0.256224 -1 -1 -1 0 0 0
Spin1 : 1.18982 -0.85781 -0.214494 -1 -1 -1 0 0 0
Spin2 : -7.7725 -0.41403 0.0806883 -1 -1 -1 0 0 0
frame 3 26
Head : -2.83098 0.277877 0.561038 -1 -1 -1 0 0 0
Hips : 2.68099 0.0195514 -0.704756 0.796012 17.6389 -22.3603 0 0 0
LeftArm : 48.2443 11.4171 -81.2342 -1 -1 -1 0 0 0
LeftFoot : 5.48092 -1.63385 0.898047 -1 -1 -1 0 0 0
LeftForeArm : -39.5497 -73.9301 74.6901 -1 -1 -1 0 0 0
LeftHand : 0 0 0 -1 -1 -1 0 0 0
LeftHandThumb1 : -0.550661 41.7347 7.80104 -1 -1 -1 0 0 0
LeftHip : 0 0 0 -1 -1 -1 0 0 0
LeftLeg : 61.5368 15.7529 11.437 -1 -1 -1 0 0 0
LeftShoulder : 0 0 0 -1 -1 -1 0 0 0
LeftToeBase : -6.70202 -2.42666 0.174597 -1 -1 -1 0 0 0
LeftUpLeg : -17.7674 -4.2449 -21.5402 -1 -1 -1 0 0 0
Neck : -3.62444 0.323727 -1.05983 -1 -1 -1 0 0 0
RightArm : 41.7243 -8.14145 79.4403 -1 -1 -1 0 0 0
RightFoot : 14.4804 -13.3677 -1.08365 -1 -1 -1 0 0 0
RightForeArm : 37.5897 90.2782 7.74259 -1 -1 -1 0 0 0
RightHand : 0 0 0 -1 -1 -1 0 0 0
RightHandThumb1 : -7.06902 2.2974 -6.69507 -1 -1 -1 0 0 0
RightHip : 0 0 0 -1 -1 -1 0 0 0
RightLeg : 64.4884 -14.4768 -13.4174 -1 -1 -1 0 0 0
RightShoulder : 0 0 0 -1 -1 -1 0 0 0
RightToeBase : 10.5225 -3.69135 -1.16475 -1 -1 -1 0 0 0
RightUpLeg : -9.74581 0.682029 20.9757 -1 -1 -1 0 0 0
Spin : 17.5175 -0.742566 -0.427577 -1 -1 -1 0 0 0
Spin1 : 1.47977 -1.07392 -0.395865 -1 -1 -1 0 0 0
Spin2 : -8.15435 -0.521308 0.0395858 -1 -1 -1 0 0 0
frame 4 26
Head : -3.13564 0.189646 0.222885 -1 -1 -1 0 0 0
Hips : 3.17683 -1.17583 0.0335413 0.787516 17.4402 -19.559 0 0 0
LeftArm : 49.1628 4.25332 -81.0109 -1 -1 -1 0 0 0
LeftFoot : 0.103212 -2.20072 1.28503 -1 -1 -1 0 0 0
LeftForeArm : -39.2879 -72.6013 74.4706 -1 -1 -1 0 0 0
LeftHand : 0 0 0 -1 -1 -1 0 0 0
LeftHandThumb1 : -0.526955 41.7636 8.23511 -1 -1 -1 0 0 0
LeftHip : 0 0 0 -1 -1 -1 0 0 0
LeftLeg : 64.2567 15.4687 12.4205 -1 -1 -1 0 0 0
LeftShoulder : 0 0 0 -1 -1 -1 0 0 0
LeftToeBase : -8.5516 -3.07224 0.378774 -1 -1 -1 0 0 0
LeftUpLeg : -17.3754 -3.75049 -22.1805 -1 -1 -1 0 0 0
Neck : -3.81423 0.221145 -0.670302 -1 -1 -1 0 0 0
RightArm : 38.6498 -8.72463 79.8232 -1 -1 -1 0 0 0
RightFoot : 10.5747 -9.89013 -0.841175 -1 -1 -1 0 0 0
RightForeArm : 38.3031 90.5626 8.50523 -1 -1 -1 0 0 0
RightHand : 0 0 0 -1 -1 -1 0 0 0
RightHandThumb1 : -7.01549 2.13504 -6.65174 -1 -1 -1 0 0 0
RightHip : 0 0 0 -1 -1 -1 0 0 0
RightLeg : 76.0685 -14.6416 -16.6782 -1 -1 -1 0 0 0
RightShoulder : 0 0 0 -1 -1 -1 0 0 0
RightToeBase : 8.29689 -2.97542 -0.544177 -1 -1 -1 0 0 0
RightUpLeg : -16.7629 3.3472 18.3977 -1 -1 -1 0 0 0
Spin : 18.1267 0.0982147 -1.49153 -1 -1 -1 0 0 0
Spin1 : 1.9788 -0.22799 -0.615594 -1 -1 -1 0 0 0
Spin2 : -7.96632 -0.0875106 0.24107 -1 -1 -1 0 0 0
frame 5 26
Head : -3.26639 0.633202 -0.0625026 -1 -1 -1 0 0 0
Hips : 4.17663 1.01902 0.496104 0.758936 17.5429 -15.9582 0 0 0
LeftArm : 47.2001 -1.26425 -81.3239 -1 -1 -1 0 0 0
LeftFoot : -0.872427 -3.55545 1.07843 -1 -1 -1 0 0 0
LeftForeArm : -42.0376 -70.6228 78.0261 -1 -1 -1 0 0 0
LeftHand : 0 0 0 -1 -1 -1 0 0 0
LeftHandThumb1 : -1.34253 38.3034 7.63511 -1 -1 -1 0 0 0
LeftHip : 0 0 0 -1 -1 -1 0 0 0
LeftLeg : 58.4145 13.2015 11.1216 -1 -1 -1 0 0 0
LeftShoulder : 0 0 0 -1 -1 -1 0 0 0
LeftToeBase : -15.732 -5.56622 1.05163 -1 -1 -1 0 0 0
LeftUpLeg : -12.5397 -3.53514 -20.7098 -1 -1 -1 0 0 0
Neck : -4.27138 0.951427 -0.0547695 -1 -1 -1 0 0 0
RightArm : 37.4586 -11.1404 79.6896 -1 -1 -1 0 0 0
RightFoot : 7.89849 -9.22419 -0.955752 -1 -1 -1 0 0 0
RightForeArm : 37.5139 90.8637 7.6351 -1 -1 -1 0 0 0
RightHand : 0 0 0 -1 -1 -1 0 0 0
RightHandThumb1 : -8.19764 1.80557 -7.854 -1 -1 -1 0 0 0
RightHip : 0 0 0 -1 -1 -1 0 0 0
RightLeg : 77.1521 -15.0155 -17.1129 -1 -1 -1 0 0 0
RightShoulder : 0 0 0 -1 -1 -1 0 0 0
RightToeBase : 11.8608 -4.23712 -0.654095 -1 -1 -1 0 0 0
RightUpLeg : -24.5312 4.04359 18.0643 -1 -1 -1 0 0 0
Spin : 17.3452 -1.29082 -1.51993 -1 -1 -1 0 0 0
Spin1 : 2.02493 -2.12677 -0.657055 -1 -1 -1 0 0 0
Spin2 : -7.39875 -0.971298 0.681106 -1 -1 -1 0 0 0
frame 6 26
Head : -2.7986 0.722548 0.010496 -1 -1 -1 0 0 0
Hips : 5.74336 1.63493 -0.0819292 1.76949 81.5913 -13.1889 0 0 0
LeftArm : 46.3293 -1.69559 -81.3694 -1 -1 -1 0 0 0
LeftFoot : 7.96646 -1.19246 0.349862 -1 -1 -1 0 0 0
LeftForeArm : -46.6269 -68.5087 83.9045 -1 -1 -1 0 0 0
LeftHand : 0 0 0 -1 -1 -1 0 0 0
LeftHandThumb1 : -1.9903 35.6483 7.87219 -1 -1 -1 0 0 0
LeftHip : 0 0 0 -1 -1 -1 0 0 0
LeftLeg : 43.0915 10.468 7.88126 -1 -1 -1 0 0 0
LeftShoulder : 0 0 0 -1 -1 -1 0 0 0
LeftToeBase : -21.4719 -7.50298 2.29751 -1 -1 -1 0 0 0
LeftUpLeg : -7.79159 -2.9889 -19.2824 -1 -1 -1 0 0 0
Neck : -4.93057 1.07669 -0.0594431 -1 -1 -1 0 0 0
RightArm : 36.5306 -15.5123 79.7362 -1 -1 -1 0 0 0
RightFoot : 6.59943 -8.67669 -0.288486 -1 -1 -1 0 0 0
RightForeArm : 30.1374 90.0812 -0.935317 -1 -1 -1 0 0 0
RightHand : 0 0 0 -1 -1 -1 0 0 0
RightHandThumb1 : -8.26988 1.9546 -7.90579 -1 -1 -1 0 0 0
RightHip : 0 0 0 -1 -1 -1 0 0 0
RightLeg : 64.8787 -15.6922 -12.8691 -1 -1 -1 0 0 0
RightShoulder : 0 0 0 -1 -1 -1 0 0 0
RightToeBase : 1.06206 -0.404279 -0.484403 -1 -1 -1 0 0 0
RightUpLeg : -25.1057 7.13164 19.7635 -1 -1 -1 0 0 0
Spin : 16.171 -1.65528 -1.13356 -1 -1 -1 0 0 0
Spin1 : 1.08986 -2.43253 -0.207916 -1 -1 -1 0 0 0
Spin2 : -7.46943 -1.1435 0.966301 -1 -1 -1 0 0 0
frame 7 26
Head : -2.1789 1.02807 0.0809972 -1 -1 -1 0 0 0
Hips : 5.8434 0.349647 0.850197 5.42012 167.872 -8.11634 0 0 0
LeftArm : 43.6929 -3.04227 -81.1956 -1 -1 -1 0 0 0
LeftFoot : 14.4482 10.7267 1.16791 -1 -1 -1 0 0 0
LeftForeArm : -49.4298 -66.9716 87.6434 -1 -1 -1 0 0 0
LeftHand : 0 0 0 -1 -1 -1 0 0 0
LeftHandThumb1 : -2.13715 35.5093 8.30264 -1 -1 -1 0 0 0
LeftHip : 0 0 0 -1 -1 -1 0 0 0
LeftLeg : 18.0551 5.32272 2.50108 -1 -1 -1 0 0 0
LeftShoulder : 0 0 0 -1 -1 -1 0 0 0
LeftToeBase : -25.3362 -8.77893 2.25866 -1 -1 -1 0 0 0
LeftUpLeg : 5.57869 -0.294718 -20.4616 -1 -1 -1 0 0 0
Neck : -5.70697 1.52115 -0.221798 -1 -1 -1 0 0 0
RightArm : 37.1453 -23.5795 80.5117 -1 -1 -1 0 0 0
RightFoot : 10.8982 -10.6041 -0.606883 -1 -1 -1 0 0 0
RightForeArm : 31.6097 90.8193 0.855622 -1 -1 -1 0 0 0
RightHand : 0 0 0 -1 -1 -1 0 0 0
RightHandThumb1 : -7.37143 -1.05105 -7.44358 -1 -1 -1 0 0 0
RightHip : 0 0 0 -1 -1 -1 0 0 0
RightLeg : 57.8899 -15.7219 -10.0446 -1 -1 -1 0 0 0
RightShoulder : 0 0 0 -1 -1 -1 0 0 0
RightToeBase : 4.73377 -1.67481 -0.486664 -1 -1 -1 0 0 0
RightUpLeg : -25.5724 11.0785 17.2401 -1 -1 -1 0 0 0
Spin : 15.4607 -1.51914 -2.5462 -1 -1 -1 0 0 0
Spin1 : 0.686999 -2.55338 -0.562273 -1 -1 -1 0 0 0
Spin2 : -7.5387 -1.12783 1.38815 -1 -1 -1 0 0 0
frame 8 26
Head : -2.07088 1.20107 0.360464 -1 -1 -1 0 0 0
Hips : 4.10296 -1.87102 2.37092 1.66026 49.1617 7.12773 0 0 0
LeftArm : 47.9074 -1.50116 -79.3124 -1 -1 -1 0 0 0
LeftFoot : 17.8371 5.47881 2.1268 -1 -1 -1 0 0 0
LeftForeArm : -44.7809 -72.302 81.1907 -1 -1 -1 0 0 0
LeftHand : 0 0 0 -1 -1 -1 0 0 0
LeftHandThumb1 : -1.43212 37.4466 7.73384 -1 -1 -1 0 0 0
LeftHip : 0 0 0 -1 -1 -1 0 0 0
LeftLeg : 71.5559 16.1009 14.9773 -1 -1 -1 0 0 0
LeftShoulder : 0 0 0 -1 -1 -1 0 0 0
LeftToeBase : -16.8504 -6.00535 0.960721 -1 -1 -1 0 0 0
LeftUpLeg : 6.08127 5.65915 -23.5343 -1 -1 -1 0 0 0
Neck : -4.06999 1.71571 -1.16213 -1 -1 -1 0 0 0
RightArm : 34.5559 -18.8611 79.4798 -1 -1 -1 0 0 0
RightFoot : 4.05585 -4.19854 -0.129271 -1 -1 -1 0 0 0
RightForeArm : 50.039 91.91 22.437 -1 -1 -1 0 0 0
RightHand : 0 0 0 -1 -1 -1 0 0 0
RightHandThumb1 : -7.01902 1.12938 -6.83673 -1 -1 -1 0 0 0
RightHip : 0 0 0 -1 -1 -1 0 0 0
RightLeg : 50.5141 -11.5947 -9.24294 -1 -1 -1 0 0 0
RightShoulder : 0 0 0 -1 -1 -1 0 0 0
RightToeBase : 8.21377 -2.96552 -0.243233 -1 -1 -1 0 0 0
RightUpLeg : -26.588 9.36318 17.5032 -1 -1 -1 0 0 0
Spin : 16.0681 -1.81798 -3.20962 -1 -1 -1 0 0 0
Spin1 : 1.10478 -3.06467 -0.548677 -1 -1 -1 0 0 0
Spin2 : -7.61443 -1.37618 1.89656 -1 -1 -1 0 0 0
frame 9 26
Head : -1.9391 0.579404 -0.026206 -1 -1 -1 0 0 0
Hips : 6.41072 -1.78944 -1.84196 9.36032 558.594 12.0207 0 0 0
LeftArm : 45.329 14.327 -81.7013 -1 -1 -1 0 0 0
LeftFoot : 13.1259 3.93617 0.6504 -1 -1 -1 0 0 0
LeftForeArm : -41.4111 -75.1944 77.0196 -1 -1 -1 0 0 0
LeftHand : 0 0 0 -1 -1 -1 0 0 0
LeftHandThumb1 : -1.61271 36.7682 7.82896 -1 -1 -1 0 0 0
LeftHip : 0 0 0 -1 -1 -1 0 0 0
LeftLeg : 64.4869 15.7015 13.0516 -1 -1 -1 0 0 0
LeftShoulder : 0 0 0 -1 -1 -1 0 0 0
LeftToeBase : -13.7748 -4.93503 0.653402 -1 -1 -1 0 0 0
LeftUpLeg : -21.9866 -3.82801 -15.7906 -1 -1 -1 0 0 0
Neck : -4.77073 0.843737 -0.427045 -1 -1 -1 0 0 0
RightArm : 34.4638 -1.45331 80.4987 -1 -1 -1 0 0 0
RightFoot : 3.80686 -5.78063 -0.157859 -1 -1 -1 0 0 0
RightForeArm : 32.4596 91.2644 2.05154 -1 -1 -1 0 0 0
RightHand : 0 0 0 -1 -1 -1 0 0 0
RightHandThumb1 : -8.87553 2.95893 -8.31694 -1 -1 -1 0 0 0
RightHip : 0 0 0 -1 -1 -1 0 0 0
RightLeg : 41.619 -11.3145 -6.80869 -1 -1 -1 0 0 0
RightShoulder : 0 0 0 -1 -1 -1 0 0 0
RightToeBase : -9.17678 3.2658 -0.652336 -1 -1 -1 0 0 0
RightUpLeg : -11.3735 7.75991 23.5588 -1 -1 -1 0 0 0
Spin : 15.2682 -0.640527 1.14869 -1 -1 -1 0 0 0
Spin1 : 0.822643 -0.677067 0.195264 -1 -1 -1 0 0 0
Spin2 : -7.39483 -0.360808 -0.278168 -1 -1 -1 0 0 0
frame 10 26
Head : -1.18372 0.249606 0.246582 -1 -1 -1 0 0 0
Hips : 6.60054 -0.401879 -2.87813 0.504489 19.8559 16.7555 0 0 0
LeftArm : 43.3608 20.8255 -83.3542 -1 -1 -1 0 0 0
LeftFoot : 18.7644 4.28714 1.16691 -1 -1 -1 0 0 0
LeftForeArm : -43.8855 -74.9333 80.0735 -1 -1 -1 0 0 0
LeftHand : 0 0 0 -1 -1 -1 0 0 0
LeftHandThumb1 : -1.15669 38.0733 7.06296 -1 -1 -1 0 0 0
LeftHip : 0 0 0 -1 -1 -1 0 0 0
LeftLeg : 38.9384 9.18877 6.90397 -1 -1 -1 0 0 0
LeftShoulder : 0 0 0 -1 -1 -1 0 0 0
LeftToeBase : -12.49 -4.48792 0.542667 -1 -1 -1 0 0 0
LeftUpLeg : -18.9038 -7.71204 -11.9509 -1 -1 -1 0 0 0
Neck : -5.23057 0.322774 -0.746518 -1 -1 -1 0 0 0
RightArm : 38.5832 -2.14456 77.2318 -1 -1 -1 0 0 0
RightFoot : 15.45 -9.85745 -1.4199 -1 -1 -1 0 0 0
RightForeArm : 26.688 92.3134 -4.77997 -1 -1 -1 0 0 0
RightHand : 0 0 0 -1 -1 -1 0 0 0
RightHandThumb1 : -7.92987 1.77467 -7.66866 -1 -1 -1 0 0 0
RightHip : 0 0 0 -1 -1 -1 0 0 0
RightLeg : 31.0167 -9.82134 -3.89123 -1 -1 -1 0 0 0
RightShoulder : 0 0 0 -1 -1 -1 0 0 0
RightToeBase : 9.79554 -3.50512 -0.561563 -1 -1 -1 0 0 0
RightUpLeg : -0.85794 5.98441 25.5265 -1 -1 -1 0 0 0
Spin : 13.7564 -0.461796 2.49395 -1 -1 -1 0 0 0
Spin1 : 0.0192533 -0.295928 0.00808544 -1 -1 -1 0 0 0
Spin2 : -7.37626 -0.223444 -1.28154 -1 -1 -1 0 0 0
frame 11 26
Head : -1.61403 0.132386 0.280326 -1 -1 -1 0 0 0
Hips : 5.22816 -0.238432 -3.83209 0.497302 18.4464 19.7764 0 0 0
LeftArm : 44.1746 19.7868 -83.5973 -1 -1 -1 0 0 0
LeftFoot : 15.5224 4.88406 1.00263 -1 -1 -1 0 0 0
LeftForeArm : -44.9916 -75.3331 81.5425 -1 -1 -1 0 0 0
LeftHand : 0 0 0 -1 -1 -1 0 0 0
LeftHandThumb1 : -0.217514 42.8761 11.2224 -1 -1 -1 0 0 0
LeftHip : 0 0 0 -1 -1 -1 0 0 0
LeftLeg : 41.2952 10.2369 6.84441 -1 -1 -1 0 0 0
LeftShoulder : 0 0 0 -1 -1 -1 0 0 0
LeftToeBase : -15.2842 -5.42118 0.913653 -1 -1 -1 0 0 0
LeftUpLeg : -15.0242 -7.29381 -12.4551 -1 -1 -1 0 0 0
Neck : -5.12995 0.151884 -0.601913 -1 -1 -1 0 0 0
RightArm : 39.7705 -3.67562 76.9555 -1 -1 -1 0 0 0
RightFoot : 14.6989 -13.2488 -1.54093 -1 -1 -1 0 0 0
RightForeArm : 27.3651 91.706 -3.93875 -1 -1 -1 0 0 0
RightHand : 0 0 0 -1 -1 -1 0 0 0
RightHandThumb1 : -8.00108 1.32225 -7.72206 -1 -1 -1 0 0 0
RightHip : 0 0 0 -1 -1 -1 0 0 0
RightLeg : 40.2871 -13.0012 -5.02723 -1 -1 -1 0 0 0
RightShoulder : 0 0 0 -1 -1 -1 0 0 0
RightToeBase : 6.04908 -2.14956 -0.503909 -1 -1 -1 0 0 0
RightUpLeg : -0.546686 5.8303 27.6878 -1 -1 -1 0 0 0
Spin : 14.1679 -0.409544 2.84654 -1 -1 -1 0 0 0
Spin1 : 0.787828 -0.156504 0.199556 -1 -1 -1 0 0 0
Spin2 : -6.80626 -0.117017 -1.31565 -1 -1 -1 0 0 0
frame 12 26
Head : -1.69129 0.257495 0.0204629 -1 -1 -1 0 0 0
Hips : 3.75878 -2.43954 -5.00286 0.407719 13.4729 16.2565 0 0 0
LeftArm : 42.5315 21.3267 -82.974 -1 -1 -1 0 0 0
LeftFoot : 12.6813 -1.33534 0.500724 -1 -1 -1 0 0 0
LeftForeArm : -39.5451 -72.0322 74.8263 -1 -1 -1 0 0 0
LeftHand : 0 0 0 -1 -1 -1 0 0 0
LeftHandThumb1 : -0.967791 39.2668 6.65754 -1 -1 -1 0 0 0
LeftHip : 0 0 0 -1 -1 -1 0 0 0
LeftLeg : 69.52 14.3977 14.3096 -1 -1 -1 0 0 0
LeftShoulder : 0 0 0 -1 -1 -1 0 0 0
LeftToeBase : -10.5945 -3.78553 0.548147 -1 -1 -1 0 0 0
LeftUpLeg : -23.1691 -1.79707 -14.8836 -1 -1 -1 0 0 0
Neck : -4.69905 0.357232 -0.626755 -1 -1 -1 0 0 0
RightArm : 41.421 -0.72748 76.8136 -1 -1 -1 0 0 0
RightFoot : 9.77589 -10.637 -1.53344 -1 -1 -1 0 0 0
RightForeArm : 24.8098 91.7108 -6.95918 -1 -1 -1 0 0 0
RightHand : 0 0 0 -1 -1 -1 0 0 0
RightHandThumb1 : -6.61015 -1.04537 -6.67031 -1 -1 -1 0 0 0
RightHip : 0 0 0 -1 -1 -1 0 0 0
RightLeg : 56.4049 -15.9693 -9.5785 -1 -1 -1 0 0 0
RightShoulder : 0 0 0 -1 -1 -1 0 0 0
RightToeBase : 8.1227 -2.89105 -0.799292 -1 -1 -1 0 0 0
RightUpLeg : -0.632071 3.1215 28.489 -1 -1 -1 0 0 0
Spin : 15.4795 0.43744 3.55281 -1 -1 -1 0 0 0
Spin1 : 1.49854 1.22133 0.466073 -1 -1 -1 0 0 0
Spin2 : -6.99862 0.494078 -1.75347 -1 -1 -1 0 0 0
