importances 26
Head : 0.0535554
Hips : 0
LeftArm : 0.251722
LeftFoot : 0.258353
LeftForeArm : 0.219474
LeftHand : 0
LeftHandThumb1 : 0
LeftHip : 0
LeftLeg : 0.508903
LeftShoulder : 0
LeftToeBase : 0.0442859
LeftUpLeg : 0.0716972
Neck : 0
RightArm : 0.271263
RightFoot : 0.385621
RightForeArm : 0.248263
RightHand : 0
RightHandThumb1 : 0
RightHip : 0
RightLeg : 0.468359
RightShoulder : 0
RightToeBase : 0.0285147
RightUpLeg : 0.0793883
Spin : 0
Spin1 : 0.021141
Spin2 : 0.0308251
offsets 26
Head : 1.68462
Hips : 0
LeftArm : 4.12888
LeftFoot : 7.33391
LeftForeArm : 5.01834
LeftHand : 3.4869
LeftHandThumb1 : 0
LeftHip : 0
LeftLeg : 7.31159
LeftShoulder : 0
LeftToeBase : 1.76083
LeftUpLeg : 2.29243
Neck : 0
RightArm : 4.04305
RightFoot : 7.36567
RightForeArm : 4.70164
RightHand : 3.49911
RightHandThumb1 : 0
RightHip : 0
RightLeg : 7.18623
RightShoulder : 0
RightToeBase : 1.71902
RightUpLeg : 2.37677
Spin : 0
Spin1 : 2.07668
Spin2 : 2.08011
frame 0 26
Head : 0.359929 0.0508196 -0.27677 -1 -1 -1 0 0 0
Hips : -14.0901 92.6035 -25.0261 -49.2312 65.4506 -0.400635 0 0 0
LeftArm : 64.3134 2.86345 -87.5998 -1 -1 -1 0 0 0
LeftFoot : -15.7216 -3.12201 0.595321 -1 -1 -1 0 0 0
LeftForeArm : -62.2196 -51.806 91.8808 -1 -1 -1 0 0 0
LeftHand : 0 0 0 -1 -1 -1 0 0 0
LeftHandThumb1 : -13.7561 67.5856 -10.4947 -1 -1 -1 0 0 0
LeftHip : 0 0 0 -1 -1 -1 0 0 0
LeftLeg : 10.6102 3.71187 1.15432 -1 -1 -1 0 0 0
LeftShoulder : 0 0 0 -1 -1 -1 0 0 0
LeftToeBase : -2.85376 -1.05968 0.315197 -1 -1 -1 0 0 0
LeftUpLeg : -10.0889 -2.15518 -16.5466 -1 -1 -1 0 0 0
Neck : -6.73382 -6.79262 -1.28987 -1 -1 -1 0 0 0
RightArm : 59.8616 -9.27233 90.9679 -1 -1 -1 0 0 0
RightFoot : -18.1254 -7.38074 -0.276493 -1 -1 -1 0 0 0
RightForeArm : -60.9088 53.1235 -90.4559 -1 -1 -1 0 0 0
RightHand : 0 0 0 -1 -1 -1 0 0 0
RightHandThumb1 : 0.203699 -31.0104 1.57542 -1 -1 -1 0 0 0
RightHip : 0 0 0 -1 -1 -1 0 0 0
RightLeg : 8.49395 -3.01021 -1.01567 -1 -1 -1 0 0 0
RightShoulder : 0 0 0 -1 -1 -1 0 0 0
RightToeBase : 0.934088 -0.324475 -0.359741 -1 -1 -1 0 0 0
RightUpLeg : -7.5192 3.94005 21.3286 -1 -1 -1 0 0 0
Spin : -16.028 0.279971 2.27609 -1 -1 -1 0 0 0
Spin1 : -0.628827 0.274074 0.282705 -1 -1 -1 0 0 0
Spin2 : 8.56761 0.26543 -1.31362 -1 -1 -1 0 0 0
frame 1 26
Head : 0.812542 3.75948 -0.686518 -1 -1 -1 0 0 0
Hips : 135.359 74.7953 149.542 -7.96164 23.22 -0.487149 0 0 0
LeftArm : 59.8809 5.33702 -85.9058 -1 -1 -1 0 0 0
LeftFoot : -14.793 -8.11947 1.49699 -1 -1 -1 0 0 0
LeftForeArm : -56.9004 -54.6489 85.0281 -1 -1 -1 0 0 0
LeftHand : 0 0 0 -1 -1 -1 0 0 0
LeftHandThumb1 : -7.69882 76.3811 -9.54984 -1 -1 -1 0 0 0
LeftHip : 0 0 0 -1 -1 -1 0 0 0
LeftLeg : 36.6314 11.2391 3.64073 -1 -1 -1 0 0 0
LeftShoulder : 0 0 0 -1 -1 -1 0 0 0
LeftToeBase : 4.07464 1.45897 1.18219 -1 -1 -1 0 0 0
LeftUpLeg : 6.78826 -2.95323 -36.6108 -1 -1 -1 0 0 0
Neck : -7.48322 -1.46797 0.807878 -1 -1 -1 0 0 0
RightArm : 48.6646 -8.97746 87.6873 -1 -1 -1 0 0 0
RightFoot : -18.3625 -0.707306 -0.364751 -1 -1 -1 0 0 0
RightForeArm : -62.713 54.3057 -92.937 -1 -1 -1 0 0 0
RightHand : 0 0 0 -1 -1 -1 0 0 0
RightHandThumb1 : 0.830274 -25.7496 0.98743 -1 -1 -1 0 0 0
RightHip : 0 0 0 -1 -1 -1 0 0 0
RightLeg : 29.0465 -7.31939 -3.57838 -1 -1 -1 0 0 0
RightShoulder : 0 0 0 -1 -1 -1 0 0 0
RightToeBase : -0.423544 0.155542 -0.578683 -1 -1 -1 0 0 0
RightUpLeg : 12.3896 -17.6819 -6.55693 -1 -1 -1 0 0 0
Spin : 11.4101 -2.52282 -13.5884 -1 -1 -1 0 0 0
Spin1 : 6.40292 -6.95505 -3.63299 -1 -1 -1 0 0 0
Spin2 : 4.21672 -3.24455 3.25509 -1 -1 -1 0 0 0
frame 2 26
Head : -0.446283 3.16395 -0.730254 -1 -1 -1 0 0 0
Hips : 342.36 94.7519 327.465 -20.6767 186.802 1.80057 0 0 0
LeftArm : 62.2219 9.78361 -84.8226 -1 -1 -1 0 0 0
LeftFoot : -8.9627 -5.6784 0.341158 -1 -1 -1 0 0 0
LeftForeArm : -65.6006 -56.3159 93.0683 -1 -1 -1 0 0 0
LeftHand : 0 0 0 -1 -1 -1 0 0 0
LeftHandThumb1 : 30.3703 74.062 -19.0963 -1 -1 -1 0 0 0
LeftHip : 0 0 0 -1 -1 -1 0 0 0
LeftLeg : 34.1332 11.4151 3.16328 -1 -1 -1 0 0 0
LeftShoulder : 0 0 0 -1 -1 -1 0 0 0
LeftToeBase : -9.95116 -3.58477 0.914257 -1 -1 -1 0 0 0
LeftUpLeg : -23.1392 -5.67059 -17.712 -1 -1 -1 0 0 0
Neck : -6.31106 -2.95145 0.117306 -1 -1 -1 0 0 0
RightArm : 48.1133 -10.0334 77.1596 -1 -1 -1 0 0 0
RightFoot : -14.9061 -5.99432 -0.794022 -1 -1 -1 0 0 0
RightForeArm : -63.7532 57.988 -94.5067 -1 -1 -1 0 0 0
RightHand : 0 0 0 -1 -1 -1 0 0 0
RightHandThumb1 : 0.0568461 -20.6919 -0.107802 -1 -1 -1 0 0 0
RightHip : 0 0 0 -1 -1 -1 0 0 0
RightLeg : 21.206 -6.37415 -2.93437 -1 -1 -1 0 0 0
RightShoulder : 0 0 0 -1 -1 -1 0 0 0
RightToeBase : -2.45236 0.886924 -0.168668 -1 -1 -1 0 0 0
RightUpLeg : -24.2755 1.74121 24.3454 -1 -1 -1 0 0 0
Spin : -7.32601 -1.27668 2.58332 -1 -1 -1 0 0 0
Spin1 : -0.576399 -1.86884 1.32318 -1 -1 -1 0 0 0
Spin2 : 3.56256 -0.820754 -0.885611 -1 -1 -1 0 0 0
frame 3 26
Head : 3.45281 8.57382 -1.77497 -1 -1 -1 0 0 0
Hips : 302.271 109.119 300.757 2.83593 24.7776 2.23139 0 0 0
LeftArm : 62.9138 -4.61703 -89.7452 -1 -1 -1 0 0 0
LeftFoot : -2.8235 0.889925 0.520592 -1 -1 -1 0 0 0
LeftForeArm : -40.1268 -58.7854 73.9272 -1 -1 -1 0 0 0
LeftHand : 0 0 0 -1 -1 -1 0 0 0
LeftHandThumb1 : 44.91 82.5587 -2.64635 -1 -1 -1 0 0 0
LeftHip : 0 0 0 -1 -1 -1 0 0 0
LeftLeg : 46.2191 15.5801 2.84102 -1 -1 -1 0 0 0
LeftShoulder : 0 0 0 -1 -1 -1 0 0 0
LeftToeBase : 2.11534 0.771986 0.540154 -1 -1 -1 0 0 0
LeftUpLeg : -26.2842 -9.15275 -17.8026 -1 -1 -1 0 0 0
Neck : -6.95427 -0.976184 2.00928 -1 -1 -1 0 0 0
RightArm : 33.1525 1.18771 86.7865 -1 -1 -1 0 0 0
RightFoot : -26.9424 -7.06976 -1.14225 -1 -1 -1 0 0 0
RightForeArm : -54.7224 58.7986 -84.7064 -1 -1 -1 0 0 0
RightHand : 0 0 0 -1 -1 -1 0 0 0
RightHandThumb1 : -4.76416 -26.1165 -11.5475 -1 -1 -1 0 0 0
RightHip : 0 0 0 -1 -1 -1 0 0 0
RightLeg : 32.5115 -10.6293 -3.75355 -1 -1 -1 0 0 0
RightShoulder : 0 0 0 -1 -1 -1 0 0 0
RightToeBase : 0.533733 -0.166481 -0.362024 -1 -1 -1 0 0 0
RightUpLeg : -12.074 -9.44525 20.7269 -1 -1 -1 0 0 0
Spin : -5.37378 -3.57382 1.37532 -1 -1 -1 0 0 0
Spin1 : 2.79588 -4.8262 -0.27028 -1 -1 -1 0 0 0
Spin2 : 5.81089 -2.30091 -1.74114 -1 -1 -1 0 0 0
frame 4 26
Head : 7.2109 11.5212 -6.51836 -1 -1 -1 0 0 0
Hips : 326.849 131.954 320.575 18.3498 116.744 4.50776 0 0 0
LeftArm : 55.2165 0.420102 -84.0717 -1 -1 -1 0 0 0
LeftFoot : -17.3265 2.23898 0.999981 -1 -1 -1 0 0 0
LeftForeArm : -58.3449 -60.5681 90.2678 -1 -1 -1 0 0 0
LeftHand : 0 0 0 -1 -1 -1 0 0 0
LeftHandThumb1 : 23.6469 76.1464 -27.8238 -1 -1 -1 0 0 0
LeftHip : 0 0 0 -1 -1 -1 0 0 0
LeftLeg : 46.3804 14.402 2.47523 -1 -1 -1 0 0 0
LeftShoulder : 0 0 0 -1 -1 -1 0 0 0
LeftToeBase : -0.969481 -0.343178 0.806506 -1 -1 -1 0 0 0
LeftUpLeg : -76.0985 39.7776 -60.5803 -1 -1 -1 0 0 0
Neck : -5.418 2.48092 1.30195 -1 -1 -1 0 0 0
RightArm : 23.4156 -6.36918 79.2002 -1 -1 -1 0 0 0
RightFoot : -15.7478 -2.32957 -0.0259986 -1 -1 -1 0 0 0
RightForeArm : -59.2264 61.1549 -89.06 -1 -1 -1 0 0 0
RightHand : 0 0 0 -1 -1 -1 0 0 0
RightHandThumb1 : -2.64861 -21.9737 -4.26829 -1 -1 -1 0 0 0
RightHip : 0 0 0 -1 -1 -1 0 0 0
RightLeg : 27.9263 -9.58963 -6.37936 -1 -1 -1 0 0 0
RightShoulder : 0 0 0 -1 -1 -1 0 0 0
RightToeBase : -9.86587 3.46704 -1.34887 -1 -1 -1 0 0 0
RightUpLeg : -17.7806 2.50834 16.9042 -1 -1 -1 0 0 0
Spin : -1.21518 -1.44313 3.27151 -1 -1 -1 0 0 0
Spin1 : 1.4226 -2.15838 0.319603 -1 -1 -1 0 0 0
Spin2 : 2.09081 -0.959885 -2.07964 -1 -1 -1 0 0 0
frame 5 26
Head : 8.19594 11.5429 -6.26648 -1 -1 -1 0 0 0
Hips : 318.887 165.389 311.805 93.8157 604.66 3.46959 0 0 0
LeftArm : 57.5817 -5.42599 -92.4441 -1 -1 -1 0 0 0
LeftFoot : -19.0487 -1.80489 0.632218 -1 -1 -1 0 0 0
LeftForeArm : -24.7073 -47.8692 50.9147 -1 -1 -1 0 0 0
LeftHand : 0 0 0 -1 -1 -1 0 0 0
LeftHandThumb1 : -28.8735 125.235 14.9445 -1 -1 -1 0 0 0
LeftHip : 0 0 0 -1 -1 -1 0 0 0
LeftLeg : 38.6184 12.4084 8.72361 -1 -1 -1 0 0 0
LeftShoulder : 0 0 0 -1 -1 -1 0 0 0
LeftToeBase : -19.0103 -6.7207 0.683932 -1 -1 -1 0 0 0
LeftUpLeg : -63.6869 46.0763 -60.7006 -1 -1 -1 0 0 0
Neck : -6.80317 2.33377 0.247812 -1 -1 -1 0 0 0
RightArm : 18.1522 -8.40819 85.3147 -1 -1 -1 0 0 0
RightFoot : -22.3373 -13.5885 -0.410088 -1 -1 -1 0 0 0
RightForeArm : -72.6368 59.0449 -105.043 -1 -1 -1 0 0 0
RightHand : 0 0 0 -1 -1 -1 0 0 0
RightHandThumb1 : -5.27638 -26.1062 -13.4611 -1 -1 -1 0 0 0
RightHip : 0 0 0 -1 -1 -1 0 0 0
RightLeg : 28.2878 -9.08467 -4.47257 -1 -1 -1 0 0 0
RightShoulder : 0 0 0 -1 -1 -1 0 0 0
RightToeBase : 3.77011 -1.39935 -1.78114 -1 -1 -1 0 0 0
RightUpLeg : -21.6878 -0.771102 19.566 -1 -1 -1 0 0 0
Spin : -2.78972 -5.2433 7.87283 -1 -1 -1 0 0 0
Spin1 : 0.538195 -7.44153 1.83247 -1 -1 -1 0 0 0
Spin2 : 1.40274 -3.62391 -2.66857 -1 -1 -1 0 0 0
frame 6 26
Head : 7.57654 14.587 -7.67644 -1 -1 -1 0 0 0
Hips : 319.69 188.146 328.63 1269.84 9936.33 3.11862 0 0 0
LeftArm : 47.9562 -13.5632 -93.7838 -1 -1 -1 0 0 0
LeftFoot : -13.5872 -6.87765 1.24015 -1 -1 -1 0 0 0
LeftForeArm : -23.292 -48.9974 48.6152 -1 -1 -1 0 0 0
LeftHand : 0 0 0 -1 -1 -1 0 0 0
LeftHandThumb1 : -13.6156 123.073 3.78952 -1 -1 -1 0 0 0
LeftHip : 0 0 0 -1 -1 -1 0 0 0
LeftLeg : 51.91 14.4182 3.73913 -1 -1 -1 0 0 0
LeftShoulder : 0 0 0 -1 -1 -1 0 0 0
LeftToeBase : -15.7899 -5.595 0.382079 -1 -1 -1 0 0 0
LeftUpLeg : -76.8127 34.6126 -59.3298 -1 -1 -1 0 0 0
Neck : -4.16348 7.52351 1.31579 -1 -1 -1 0 0 0
RightArm : 26.9005 -17.1972 88.5198 -1 -1 -1 0 0 0
RightFoot : -17.3535 -8.83891 -0.172337 -1 -1 -1 0 0 0
RightForeArm : -67.002 55.8684 -99.1973 -1 -1 -1 0 0 0
RightHand : 0 0 0 -1 -1 -1 0 0 0
RightHandThumb1 : -7.9938 -24.4973 -16.0006 -1 -1 -1 0 0 0
RightHip : 0 0 0 -1 -1 -1 0 0 0
RightLeg : 42.3375 -13.1719 -10.0821 -1 -1 -1 0 0 0
RightShoulder : 0 0 0 -1 -1 -1 0 0 0
RightToeBase : -7.04564 1.98875 -1.20058 -1 -1 -1 0 0 0
RightUpLeg : -18.2917 -0.384916 14.2389 -1 -1 -1 0 0 0
Spin : -0.946535 -3.81589 1.88337 -1 -1 -1 0 0 0
Spin1 : -0.612846 -4.95361 -0.896846 -1 -1 -1 0 0 0
Spin2 : 0.3933 -2.65272 -2.20322 -1 -1 -1 0 0 0
frame 7 26
Head : 6.71823 11.3258 -7.25925 -1 -1 -1 0 0 0
Hips : 277.141 213.773 350.882 98.3261 581.279 -2.22072 0 0 0
LeftArm : 22.5789 -35.9251 -82.2542 -1 -1 -1 0 0 0
LeftFoot : -11.5759 -2.80457 0.842603 -1 -1 -1 0 0 0
LeftForeArm : -10.8357 -49.5546 38.223 -1 -1 -1 0 0 0
LeftHand : 0 0 0 -1 -1 -1 0 0 0
LeftHandThumb1 : 4.29161 125.145 21.1266 -1 -1 -1 0 0 0
LeftHip : 0 0 0 -1 -1 -1 0 0 0
LeftLeg : 38.3634 12.055 3.0549 -1 -1 -1 0 0 0
LeftShoulder : 0 0 0 -1 -1 -1 0 0 0
LeftToeBase : -10.0869 -3.6313 1.0624 -1 -1 -1 0 0 0
LeftUpLeg : -52.2307 23.1251 -92.2158 -1 -1 -1 0 0 0
Neck : -6.3145 3.28203 1.23533 -1 -1 -1 0 0 0
RightArm : 35.7108 -3.40617 81.2774 -1 -1 -1 0 0 0
RightFoot : -11.7138 -1.42653 -0.965168 -1 -1 -1 0 0 0
RightForeArm : -47.106 60.0575 -76.1098 -1 -1 -1 0 0 0
RightHand : 0 0 0 -1 -1 -1 0 0 0
RightHandThumb1 : 2.95313 -27.3852 3.14583 -1 -1 -1 0 0 0
RightHip : 0 0 0 -1 -1 -1 0 0 0
RightLeg : 68.8006 -18.556 -4.43899 -1 -1 -1 0 0 0
RightShoulder : 0 0 0 -1 -1 -1 0 0 0
RightToeBase : -4.71549 1.51063 -1.41561 -1 -1 -1 0 0 0
RightUpLeg : -10.9938 21.6808 -10.4646 -1 -1 -1 0 0 0
Spin : -1.46529 -0.766329 -0.621069 -1 -1 -1 0 0 0
Spin1 : -0.461771 -1.02932 -0.958067 -1 -1 -1 0 0 0
Spin2 : 0.38888 -0.538363 -0.541542 -1 -1 -1 0 0 0
frame 8 26
Head : 8.35333 8.80851 -5.47462 -1 -1 -1 0 0 0
Hips : 162.792 202.25 444.237 5683.55 19450.2 -3.44875 0 0 0
LeftArm : 56.0475 -16.9163 -68.8314 -1 -1 -1 0 0 0
LeftFoot : -9.11961 2.68322 0.233956 -1 -1 -1 0 0 0
LeftForeArm : -43.0781 -59.8075 61.7735 -1 -1 -1 0 0 0
LeftHand : 0 0 0 -1 -1 -1 0 0 0
LeftHandThumb1 : -76.5764 117.598 81.6429 -1 -1 -1 0 0 0
LeftHip : 0 0 0 -1 -1 -1 0 0 0
LeftLeg : 62.8412 16.9073 3.70698 -1 -1 -1 0 0 0
LeftShoulder : 0 0 0 -1 -1 -1 0 0 0
LeftToeBase : 18.2436 6.42246 0.590683 -1 -1 -1 0 0 0
LeftUpLeg : -55.8839 20.7254 -81.0014 -1 -1 -1 0 0 0
Neck : -7.85054 -1.45164 -2.05733 -1 -1 -1 0 0 0
RightArm : 31.592 2.74239 56.554 -1 -1 -1 0 0 0
RightFoot : -23.5162 -5.24723 -0.717774 -1 -1 -1 0 0 0
RightForeArm : -72.6228 61.4248 -105.698 -1 -1 -1 0 0 0
RightHand : 0 0 0 -1 -1 -1 0 0 0
RightHandThumb1 : 9.84491 -29.547 19.8958 -1 -1 -1 0 0 0
RightHip : 0 0 0 -1 -1 -1 0 0 0
RightLeg : 35.7491 -10.9881 -8.67335 -1 -1 -1 0 0 0
RightShoulder : 0 0 0 -1 -1 -1 0 0 0
RightToeBase : -6.96942 1.79305 -1.70941 -1 -1 -1 0 0 0
RightUpLeg : 2.13471 25.6724 -2.06456 -1 -1 -1 0 0 0
Spin : -2.33295 -0.101114 1.84179 -1 -1 -1 0 0 0
Spin1 : -0.138393 -0.259277 1.16507 -1 -1 -1 0 0 0
Spin2 : 1.19829 -0.128632 0.120174 -1 -1 -1 0 0 0
frame 9 26
Head : 7.46524 8.63219 -5.43154 -1 -1 -1 0 0 0
Hips : 112.019 196.693 441.027 1475.42 4651.94 -6.33199 0 0 0
LeftArm : 58.8414 -10.8001 -85.1796 -1 -1 -1 0 0 0
LeftFoot : -9.68156 -6.34328 0.69301 -1 -1 -1 0 0 0
LeftForeArm : -29.1258 -54.6057 62.3573 -1 -1 -1 0 0 0
LeftHand : 0 0 0 -1 -1 -1 0 0 0
LeftHandThumb1 : -79.2159 124.787 98.8789 -1 -1 -1 0 0 0
LeftHip : 0 0 0 -1 -1 -1 0 0 0
LeftLeg : 40.8417 12.4074 6.64083 -1 -1 -1 0 0 0
LeftShoulder : 0 0 0 -1 -1 -1 0 0 0
LeftToeBase : -4.73368 -1.68505 0.69612 -1 -1 -1 0 0 0
LeftUpLeg : -55.3043 16.7979 -83.2632 -1 -1 -1 0 0 0
Neck : -5.29696 -7.22374 -4.93179 -1 -1 -1 0 0 0
RightArm : 32.8399 7.72714 75.7107 -1 -1 -1 0 0 0
RightFoot : -17.605 1.29828 -0.933048 -1 -1 -1 0 0 0
RightForeArm : -56.4473 55.4125 -86.9435 -1 -1 -1 0 0 0
RightHand : 0 0 0 -1 -1 -1 0 0 0
RightHandThumb1 : 8.35442 -31.9569 17.2519 -1 -1 -1 0 0 0
RightHip : 0 0 0 -1 -1 -1 0 0 0
RightLeg : 49.7827 -16.1198 -3.46144 -1 -1 -1 0 0 0
RightShoulder : 0 0 0 -1 -1 -1 0 0 0
RightToeBase : -7.32191 2.03312 -1.95543 -1 -1 -1 0 0 0
RightUpLeg : 4.19647 37.3508 -9.81248 -1 -1 -1 0 0 0
Spin : -2.95741 1.49397 0.727215 -1 -1 -1 0 0 0
Spin1 : -0.0912695 1.87749 -0.12808 -1 -1 -1 0 0 0
Spin2 : 1.35017 0.952841 -0.157867 -1 -1 -1 0 0 0
frame 10 26
Head : 7.54665 9.48679 -6.25784 -1 -1 -1 0 0 0
Hips : 110.715 195.619 445.62 49604.7 164678 -7.29805 0 0 0
LeftArm : 55.8738 -14.8072 -85.1556 -1 -1 -1 0 0 0
LeftFoot : -15.7418 3.78456 0.799376 -1 -1 -1 0 0 0
LeftForeArm : -24.68 -53.7374 50.3056 -1 -1 -1 0 0 0
LeftHand : 0 0 0 -1 -1 -1 0 0 0
LeftHandThumb1 : -62.8423 147.74 104.651 -1 -1 -1 0 0 0
LeftHip : 0 0 0 -1 -1 -1 0 0 0
LeftLeg : 39.2598 12.1801 3.56015 -1 -1 -1 0 0 0
LeftShoulder : 0 0 0 -1 -1 -1 0 0 0
LeftToeBase : -8.74237 -3.06724 0.277439 -1 -1 -1 0 0 0
LeftUpLeg : -57.7899 8.95928 -82.4999 -1 -1 -1 0 0 0
Neck : -4.88437 -5.35898 -2.26207 -1 -1 -1 0 0 0
RightArm : 3.77149 14.9699 48.1086 -1 -1 -1 0 0 0
RightFoot : -22.0776 -7.7557 -0.890692 -1 -1 -1 0 0 0
RightForeArm : -77.1728 56.846 -111.536 -1 -1 -1 0 0 0
RightHand : 0 0 0 -1 -1 -1 0 0 0
RightHandThumb1 : 5.99757 -34.3441 19.6878 -1 -1 -1 0 0 0
RightHip : 0 0 0 -1 -1 -1 0 0 0
RightLeg : 45.1124 -13.3084 -9.76916 -1 -1 -1 0 0 0
RightShoulder : 0 0 0 -1 -1 -1 0 0 0
RightToeBase : -4.96664 1.70668 -3.63518 -1 -1 -1 0 0 0
RightUpLeg : 1.62721 37.8792 -3.33388 -1 -1 -1 0 0 0
Spin : -4.97596 0.438571 -0.875778 -1 -1 -1 0 0 0
Spin1 : 0.156639 0.725415 -0.804162 -1 -1 -1 0 0 0
Spin2 : 2.54185 0.173308 0.088518 -1 -1 -1 0 0 0
frame 11 26
Head : 7.44501 9.25799 -6.42355 -1 -1 -1 0 0 0
Hips : 113.218 195.398 441.844 -1.77284 47.4092 -7.13474 0 0 0
LeftArm : 47.0592 -18.7034 -80.0666 -1 -1 -1 0 0 0
LeftFoot : -19.3854 6.65436 1.0672 -1 -1 -1 0 0 0
LeftForeArm : -25.9243 -53.1747 50.4451 -1 -1 -1 0 0 0
LeftHand : 0 0 0 -1 -1 -1 0 0 0
LeftHandThumb1 : -53.1721 140.608 112.253 -1 -1 -1 0 0 0
LeftHip : 0 0 0 -1 -1 -1 0 0 0
LeftLeg : 32.3306 10.7157 5.14654 -1 -1 -1 0 0 0
LeftShoulder : 0 0 0 -1 -1 -1 0 0 0
LeftToeBase : -9.87928 -3.53702 0.682548 -1 -1 -1 0 0 0
LeftUpLeg : -47.329 18.1848 -79.9557 -1 -1 -1 0 0 0
Neck : -4.30931 -4.39362 -1.13191 -1 -1 -1 0 0 0
RightArm : 0.503054 3.98971 43.7304 -1 -1 -1 0 0 0
RightFoot : -24.1411 -15.48 -0.812045 -1 -1 -1 0 0 0
RightForeArm : -47.9491 56.9406 -75.8287 -1 -1 -1 0 0 0
RightHand : 0 0 0 -1 -1 -1 0 0 0
RightHandThumb1 : -0.282964 -40.3446 2.33606 -1 -1 -1 0 0 0
RightHip : 0 0 0 -1 -1 -1 0 0 0
RightLeg : 28.2255 -9.40791 -5.04634 -1 -1 -1 0 0 0
RightShoulder : 0 0 0 -1 -1 -1 0 0 0
RightToeBase : 1.29835 -0.536097 -3.05791 -1 -1 -1 0 0 0
RightUpLeg : 4.98801 33.0511 2.63559 -1 -1 -1 0 0 0
Spin : -6.72576 -1.13146 1.29609 -1 -1 -1 0 0 0
Spin1 : 0.340016 -1.32611 -1.18052 -1 -1 -1 0 0 0
Spin2 : 3.78711 -0.790717 -1.74205 -1 -1 -1 0 0 0
frame 12 26
Head : 8.23003 11.6698 -8.2203 -1 -1 -1 0 0 0
Hips : 109.544 201.109 445.659 -8.03707 87.2887 -7.0194 0 0 0
LeftArm : 36.1417 -29.2541 -82.8715 -1 -1 -1 0 0 0
LeftFoot : -21.3214 5.37886 1.19611 -1 -1 -1 0 0 0
LeftForeArm : -10.9757 -39.7161 28.7418 -1 -1 -1 0 0 0
LeftHand : 0 0 0 -1 -1 -1 0 0 0
LeftHandThumb1 : -95.7104 171.509 108.698 -1 -1 -1 0 0 0
LeftHip : 0 0 0 -1 -1 -1 0 0 0
LeftLeg : 43.7808 14.1757 11.4258 -1 -1 -1 0 0 0
LeftShoulder : 0 0 0 -1 -1 -1 0 0 0
LeftToeBase : -9.27486 -3.26365 0.749244 -1 -1 -1 0 0 0
LeftUpLeg : -51.2462 16.7876 -75.7646 -1 -1 -1 0 0 0
Neck : -7.22208 3.77343 4.33008 -1 -1 -1 0 0 0
RightArm : 15.5141 -5.50268 70.5982 -1 -1 -1 0 0 0
RightFoot : -21.1435 -8.46561 -1.60694 -1 -1 -1 0 0 0
RightForeArm : -73.3012 53.2621 -105.922 -1 -1 -1 0 0 0
RightHand : 0 0 0 -1 -1 -1 0 0 0
RightHandThumb1 : -4.9267 -22.5481 -6.98947 -1 -1 -1 0 0 0
RightHip : 0 0 0 -1 -1 -1 0 0 0
RightLeg : 49.966 -15.1895 -3.62683 -1 -1 -1 0 0 0
RightShoulder : 0 0 0 -1 -1 -1 0 0 0
RightToeBase : -1.75158 0.33021 -1.86563 -1 -1 -1 0 0 0
RightUpLeg : 0.537842 40.9003 -3.91047 -1 -1 -1 0 0 0
Spin : -3.16352 -1.92014 -2.10491 -1 -1 -1 0 0 0
Spin1 : 0.801555 -2.30115 -0.615611 -1 -1 -1 0 0 0
Spin2 : 2.27713 -1.21727 0.605907 -1 -1 -1 0 0 0
frame 13 26
Head : 9.12513 13.2202 -8.40579 -1 -1 -1 0 0 0
Hips : 117.418 198 438.893 -1.71841 99.4559 -6.49325 0 0 0
LeftArm : 28.3954 -31.8205 -77.5108 -1 -1 -1 0 0 0
LeftFoot : -11.1202 -1.05009 1.31115 -1 -1 -1 0 0 0
LeftForeArm : -11.0454 -39.0094 24.2342 -1 -1 -1 0 0 0
LeftHand : 0 0 0 -1 -1 -1 0 0 0
LeftHandThumb1 : -97.559 152.246 139.919 -1 -1 -1 0 0 0
LeftHip : 0 0 0 -1 -1 -1 0 0 0
LeftLeg : 37.7716 12.1514 6.9367 -1 -1 -1 0 0 0
LeftShoulder : 0 0 0 -1 -1 -1 0 0 0
LeftToeBase : -7.4884 -2.65862 1.23119 -1 -1 -1 0 0 0
LeftUpLeg : -60.7548 6.31822 -74.9594 -1 -1 -1 0 0 0
Neck : -4.49026 7.77562 6.30405 -1 -1 -1 0 0 0
RightArm : 45.7541 -10.4448 88.0374 -1 -1 -1 0 0 0
RightFoot : -22.5143 -6.82188 -0.401013 -1 -1 -1 0 0 0
RightForeArm : -76.2628 56.8609 -109.503 -1 -1 -1 0 0 0
RightHand : 0 0 0 -1 -1 -1 0 0 0
RightHandThumb1 : -8.67247 -32.1131 -26.4858 -1 -1 -1 0 0 0
RightHip : 0 0 0 -1 -1 -1 0 0 0
RightLeg : 42.8358 -13.2775 -6.85563 -1 -1 -1 0 0 0
RightShoulder : 0 0 0 -1 -1 -1 0 0 0
RightToeBase : -20.2032 6.76502 -1.91477 -1 -1 -1 0 0 0
RightUpLeg : 9.04008 35.5339 -3.23614 -1 -1 -1 0 0 0
Spin : -3.59288 -1.10782 -2.00716 -1 -1 -1 0 0 0
Spin1 : -0.210438 -1.36512 -0.206587 -1 -1 -1 0 0 0
Spin2 : 1.74481 -0.757717 0.89117 -1 -1 -1 0 0 0
frame 14 26
Head : 9.87504 14.7408 -7.43848 -1 -1 -1 0 0 0
Hips : 117.586 184.732 440.927 90.6225 400.528 -3.95278 0 0 0
LeftArm : 74.5708 -14.9034 -100.17 -1 -1 -1 0 0 0
LeftFoot : -13.9027 1.72512 -0.0399721 -1 -1 -1 0 0 0
LeftForeArm : -11.392 -47.169 36.7641 -1 -1 -1 0 0 0
LeftHand : 0 0 0 -1 -1 -1 0 0 0
LeftHandThumb1 : -88.4836 151.262 154.618 -1 -1 -1 0 0 0
LeftHip : 0 0 0 -1 -1 -1 0 0 0
LeftLeg : 41.0189 13.705 2.49278 -1 -1 -1 0 0 0
LeftShoulder : 0 0 0 -1 -1 -1 0 0 0
LeftToeBase : -0.485306 -0.20271 0.535409 -1 -1 -1 0 0 0
LeftUpLeg : -59.5406 17.1495 -86.1534 -1 -1 -1 0 0 0
Neck : -7.76224 3.82487 3.57877 -1 -1 -1 0 0 0
RightArm : 19.9491 9.68834 80.8222 -1 -1 -1 0 0 0
RightFoot : -17.3383 -10.8772 0.673809 -1 -1 -1 0 0 0
RightForeArm : -54.0832 59.1145 -84.1737 -1 -1 -1 0 0 0
RightHand : 0 0 0 -1 -1 -1 0 0 0
RightHandThumb1 : -5.35863 -31.9812 -11.1924 -1 -1 -1 0 0 0
RightHip : 0 0 0 -1 -1 -1 0 0 0
RightLeg : 51.5595 -15.3872 -2.44107 -1 -1 -1 0 0 0
RightShoulder : 0 0 0 -1 -1 -1 0 0 0
RightToeBase : -13.4821 4.26363 -1.35149 -1 -1 -1 0 0 0
RightUpLeg : 2.93635 22.8461 -5.58313 -1 -1 -1 0 0 0
Spin : -3.98284 0.675721 -1.81453 -1 -1 -1 0 0 0
Spin1 : -0.0245951 0.983704 -1.98638 -1 -1 -1 0 0 0
Spin2 : 2.32213 0.421363 -0.978958 -1 -1 -1 0 0 0
frame 15 26
Head : 9.76852 16.5381 -6.92265 -1 -1 -1 0 0 0
Hips : 111.116 182.025 435.935 631.026 2292.37 -5.29529 0 0 0
LeftArm : 73.4878 -27.1372 -74.8451 -1 -1 -1 0 0 0
LeftFoot : -10.0785 2.14248 0.237246 -1 -1 -1 0 0 0
LeftForeArm : -13.9701 -47.8088 36.0824 -1 -1 -1 0 0 0
LeftHand : 0 0 0 -1 -1 -1 0 0 0
LeftHandThumb1 : -23.375 179.364 185.226 -1 -1 -1 0 0 0
LeftHip : 0 0 0 -1 -1 -1 0 0 0
LeftLeg : 37.1178 11.8536 2.39359 -1 -1 -1 0 0 0
LeftShoulder : 0 0 0 -1 -1 -1 0 0 0
LeftToeBase : -10.4114 -3.63947 0.620318 -1 -1 -1 0 0 0
LeftUpLeg : -41.0023 20.6732 -80 -1 -1 -1 0 0 0
Neck : -6.37271 5.18308 3.31015 -1 -1 -1 0 0 0
RightArm : 9.51647 -6.80264 88.8426 -1 -1 -1 0 0 0
RightFoot : -28.2143 -22.5732 -0.372334 -1 -1 -1 0 0 0
RightForeArm : -53.2757 58.9079 -83.5945 -1 -1 -1 0 0 0
RightHand : 0 0 0 -1 -1 -1 0 0 0
RightHandThumb1 : -2.21485 -40.1797 -10.7674 -1 -1 -1 0 0 0
RightHip : 0 0 0 -1 -1 -1 0 0 0
RightLeg : 25.0073 -8.59848 -6.78348 -1 -1 -1 0 0 0
RightShoulder : 0 0 0 -1 -1 -1 0 0 0
RightToeBase : 6.38045 -2.45583 -2.41892 -1 -1 -1 0 0 0
RightUpLeg : -2.78662 29.833 -9.06442 -1 -1 -1 0 0 0
Spin : -4.80085 -1.15634 -0.7622 -1 -1 -1 0 0 0
Spin1 : -0.693969 -1.58955 -0.362796 -1 -1 -1 0 0 0
Spin2 : 1.97099 -0.735058 -0.0858549 -1 -1 -1 0 0 0
frame 16 26
Head : 9.06431 17.7411 -7.7481 -1 -1 -1 0 0 0
Hips : 114.938 194.569 440.16 14928.6 47081.1 -6.88284 0 0 0
LeftArm : 34.6255 -29.7683 -69.0279 -1 -1 -1 0 0 0
LeftFoot : -5.81423 1.87231 0.502589 -1 -1 -1 0 0 0
LeftForeArm : -12.0818 -33.2303 26.3722 -1 -1 -1 0 0 0
LeftHand : 0 0 0 -1 -1 -1 0 0 0
LeftHandThumb1 : -95.8243 269.86 190.487 -1 -1 -1 0 0 0
LeftHip : 0 0 0 -1 -1 -1 0 0 0
LeftLeg : 52.8356 15.3418 2.21323 -1 -1 -1 0 0 0
LeftShoulder : 0 0 0 -1 -1 -1 0 0 0
LeftToeBase : 1.47653 0.560338 0.383526 -1 -1 -1 0 0 0
LeftUpLeg : -63.2369 11.8756 -77.8402 -1 -1 -1 0 0 0
Neck : -6.66276 6.8598 3.47411 -1 -1 -1 0 0 0
RightArm : 28.8799 5.12401 82.963 -1 -1 -1 0 0 0
RightFoot : -20.6007 -11.2589 -0.717687 -1 -1 -1 0 0 0
RightForeArm : -46.3786 54.9553 -75.0227 -1 -1 -1 0 0 0
RightHand : 0 0 0 -1 -1 -1 0 0 0
RightHandThumb1 : 10.1699 -34.609 -12.9042 -1 -1 -1 0 0 0
RightHip : 0 0 0 -1 -1 -1 0 0 0
RightLeg : 40.0736 -12.1451 -5.14219 -1 -1 -1 0 0 0
RightShoulder : 0 0 0 -1 -1 -1 0 0 0
RightToeBase : -10.1289 2.9214 -3.90384 -1 -1 -1 0 0 0
RightUpLeg : -7.64597 29.7921 -4.48717 -1 -1 -1 0 0 0
Spin : -1.27795 1.17013 3.60399 -1 -1 -1 0 0 0
Spin1 : 1.0128 1.51734 -1.12023 -1 -1 -1 0 0 0
Spin2 : 1.89535 0.786793 -2.99712 -1 -1 -1 0 0 0
frame 17 26
Head : 9.07736 18.0978 -8.74318 -1 -1 -1 0 0 0
Hips : 123.375 204.183 441.297 9233.32 25758.1 -7.24586 0 0 0
LeftArm : 15.4492 -14.9397 -72.0541 -1 -1 -1 0 0 0
LeftFoot : 5.07993 -0.248312 1.17839 -1 -1 -1 0 0 0
LeftForeArm : -23.0029 -33.9064 38.3072 -1 -1 -1 0 0 0
LeftHand : 0 0 0 -1 -1 -1 0 0 0
LeftHandThumb1 : -113.032 349.847 87.4152 -1 -1 -1 0 0 0
LeftHip : 0 0 0 -1 -1 -1 0 0 0
LeftLeg : 44.233 12.7427 3.08134 -1 -1 -1 0 0 0
LeftShoulder : 0 0 0 -1 -1 -1 0 0 0
LeftToeBase : 0.760539 0.301222 0.902966 -1 -1 -1 0 0 0
LeftUpLeg : -57.8855 7.19973 -70.0356 -1 -1 -1 0 0 0
Neck : -5.55288 8.23991 2.24002 -1 -1 -1 0 0 0
RightArm : 20.7919 -0.970502 79.7639 -1 -1 -1 0 0 0
RightFoot : -25.9065 -7.82668 -0.141156 -1 -1 -1 0 0 0
RightForeArm : -29.6067 48.4235 -54.5964 -1 -1 -1 0 0 0
RightHand : 0 0 0 -1 -1 -1 0 0 0
RightHandThumb1 : 10.9721 -39.5206 -13.1832 -1 -1 -1 0 0 0
RightHip : 0 0 0 -1 -1 -1 0 0 0
RightLeg : 32.2346 -10.1134 -4.29514 -1 -1 -1 0 0 0
RightShoulder : 0 0 0 -1 -1 -1 0 0 0
RightToeBase : -14.3256 4.75143 -3.11883 -1 -1 -1 0 0 0
RightUpLeg : 0.602976 35.731 -8.74293 -1 -1 -1 0 0 0
Spin : -2.23033 1.11083 3.22531 -1 -1 -1 0 0 0
Spin1 : 1.59101 1.41727 1.34112 -1 -1 -1 0 0 0
Spin2 : 2.85539 0.677548 -0.284015 -1 -1 -1 0 0 0
frame 18 26
Head : 9.404 17.0366 -7.68079 -1 -1 -1 0 0 0
Hips : 125.931 207.083 440.617 167988 473177 -7.02423 0 0 0
LeftArm : 58.3783 2.10064 -58.4199 -1 -1 -1 0 0 0
LeftFoot : -6.89057 -4.82859 0.886548 -1 -1 -1 0 0 0
LeftForeArm : -19.0331 -49.0725 41.7356 -1 -1 -1 0 0 0
LeftHand : 0 0 0 -1 -1 -1 0 0 0
LeftHandThumb1 : -40.2798 243.107 -55.9599 -1 -1 -1 0 0 0
LeftHip : 0 0 0 -1 -1 -1 0 0 0
LeftLeg : 26.8096 9.57306 10.1074 -1 -1 -1 0 0 0
LeftShoulder : 0 0 0 -1 -1 -1 0 0 0
LeftToeBase : -0.6044 -0.214896 0.479147 -1 -1 -1 0 0 0
LeftUpLeg : -41.7567 6.46474 -74.1851 -1 -1 -1 0 0 0
Neck : -8.35528 6.51982 1.29769 -1 -1 -1 0 0 0
RightArm : 20.8277 -12.9609 89.5225 -1 -1 -1 0 0 0
RightFoot : -18.6897 -6.13525 0.30837 -1 -1 -1 0 0 0
RightForeArm : -18.7771 43.5388 -40.9825 -1 -1 -1 0 0 0
RightHand : 0 0 0 -1 -1 -1 0 0 0
RightHandThumb1 : 6.76294 -30.048 -8.91023 -1 -1 -1 0 0 0
RightHip : 0 0 0 -1 -1 -1 0 0 0
RightLeg : 28.5694 -11.358 -5.08651 -1 -1 -1 0 0 0
RightShoulder : 0 0 0 -1 -1 -1 0 0 0
RightToeBase : -16.1988 5.33321 -2.61509 -1 -1 -1 0 0 0
RightUpLeg : 2.12355 34.2524 -13.527 -1 -1 -1 0 0 0
Spin : -2.87237 -0.108684 1.8378 -1 -1 -1 0 0 0
Spin1 : 0.478417 -0.250795 1.32897 -1 -1 -1 0 0 0
Spin2 : 1.96113 -0.109145 0.487744 -1 -1 -1 0 0 0
frame 19 26
Head : 10.5534 10.2355 -5.47263 -1 -1 -1 0 0 0
Hips : 135.432 208.132 447.086 14819.2 40818.6 6.3887 0 0 0
LeftArm : 44.347 -6.84023 -71.4337 -1 -1 -1 0 0 0
LeftFoot : -16.8546 -2.22572 0.698425 -1 -1 -1 0 0 0
LeftForeArm : -15.2451 -45.0856 33.071 -1 -1 -1 0 0 0
LeftHand : 0 0 0 -1 -1 -1 0 0 0
LeftHandThumb1 : -259.07 164.472 -111.381 -1 -1 -1 0 0 0
LeftHip : 0 0 0 -1 -1 -1 0 0 0
LeftLeg : 24.8373 8.59409 5.60282 -1 -1 -1 0 0 0
LeftShoulder : 0 0 0 -1 -1 -1 0 0 0
LeftToeBase : -6.2614 -2.25765 0.718321 -1 -1 -1 0 0 0
LeftUpLeg : -41.3454 10.5101 -76.4946 -1 -1 -1 0 0 0
Neck : -10.902 -4.03119 -3.7902 -1 -1 -1 0 0 0
RightArm : 31.0572 -8.30254 88.9228 -1 -1 -1 0 0 0
RightFoot : -10.9953 -3.39498 0.743945 -1 -1 -1 0 0 0
RightForeArm : -20.9905 36.0021 -41.4956 -1 -1 -1 0 0 0
RightHand : 0 0 0 -1 -1 -1 0 0 0
RightHandThumb1 : 8.50767 -30.9967 1.43598 -1 -1 -1 0 0 0
RightHip : 0 0 0 -1 -1 -1 0 0 0
RightLeg : 35.9487 -12.4927 -3.57244 -1 -1 -1 0 0 0
RightShoulder : 0 0 0 -1 -1 -1 0 0 0
RightToeBase : -15.853 4.96535 -1.93909 -1 -1 -1 0 0 0
RightUpLeg : -7.3607 34.0178 -17.5593 -1 -1 -1 0 0 0
Spin : -1.58696 1.15528 0.938111 -1 -1 -1 0 0 0
Spin1 : 0.987752 1.587 -0.923157 -1 -1 -1 0 0 0
Spin2 : 2.18641 0.821649 -1.30394 -1 -1 -1 0 0 0
frame 20 26
Head : 12.4749 17.2913 -6.56941 -1 -1 -1 0 0 0
Hips : 118.649 213.562 438.208 6086.75 18158.4 -3.48087 0 0 0
LeftArm : 26.3973 -11.7369 -74.4138 -1 -1 -1 0 0 0
LeftFoot : -10.0458 2.66815 0.178983 -1 -1 -1 0 0 0
LeftForeArm : -16.3653 -51.2728 39.0567 -1 -1 -1 0 0 0
LeftHand : 0 0 0 -1 -1 -1 0 0 0
LeftHandThumb1 : -192.812 258.827 -99.9342 -1 -1 -1 0 0 0
LeftHip : 0 0 0 -1 -1 -1 0 0 0
LeftLeg : 13.8744 4.20511 1.47582 -1 -1 -1 0 0 0
LeftShoulder : 0 0 0 -1 -1 -1 0 0 0
LeftToeBase : -0.419847 -0.117894 0.547436 -1 -1 -1 0 0 0
LeftUpLeg : -52.4197 15.213 -77.6453 -1 -1 -1 0 0 0
Neck : -6.57316 5.48254 2.77428 -1 -1 -1 0 0 0
RightArm : -2.57779 1.79569 70.6545 -1 -1 -1 0 0 0
RightFoot : -18.2312 -6.80113 -0.616903 -1 -1 -1 0 0 0
RightForeArm : -45.4946 53.3052 -74.3843 -1 -1 -1 0 0 0
RightHand : 0 0 0 -1 -1 -1 0 0 0
RightHandThumb1 : 34.6609 -26.5216 -40.9639 -1 -1 -1 0 0 0
RightHip : 0 0 0 -1 -1 -1 0 0 0
RightLeg : 59.9406 -16.2998 -3.89993 -1 -1 -1 0 0 0
RightShoulder : 0 0 0 -1 -1 -1 0 0 0
RightToeBase : -15.1428 4.47249 -1.34508 -1 -1 -1 0 0 0
RightUpLeg : -11.5035 21.6142 -5.60354 -1 -1 -1 0 0 0
Spin : -3.73499 3.46529 -2.73474 -1 -1 -1 0 0 0
Spin1 : 0.950006 4.83215 -2.63887 -1 -1 -1 0 0 0
Spin2 : 3.16724 2.42724 -0.729177 -1 -1 -1 0 0 0
