importances 26
Head : 0.00539327
Hips : 0
LeftArm : 0.411165
LeftFoot : 0
LeftForeArm : 0.5579
LeftHand : 0
LeftHandThumb1 : 0
LeftHip : 0
LeftLeg : 0.527922
LeftShoulder : 0
LeftToeBase : 0.00352847
LeftUpLeg : 0.119057
Neck : 0
RightArm : 0.379787
RightFoot : 0
RightForeArm : 0.668144
RightHand : 0
RightHandThumb1 : 0
RightHip : 0
RightLeg : 0.431076
RightShoulder : 0
RightToeBase : 0
RightUpLeg : 0.0887051
Spin : 0
Spin1 : 0.023045
Spin2 : 0
offsets 26
Head : 1.65564
Hips : 0
LeftArm : 3.47111
LeftFoot : 7.17368
LeftForeArm : 5.23241
LeftHand : 3.18747
LeftHandThumb1 : 0
LeftHip : 0
LeftLeg : 6.57199
LeftShoulder : 0
LeftToeBase : 2.1376
LeftUpLeg : 2.62349
Neck : 0
RightArm : 3.45034
RightFoot : 7.25289
RightForeArm : 5.2237
RightHand : 3.15593
RightHandThumb1 : 0
RightHip : 0
RightLeg : 6.57062
RightShoulder : 0
RightToeBase : 2.16153
RightUpLeg : 2.58075
Spin : 0
Spin1 : 2.07078
Spin2 : 2.04587
frame 0 26
Head : 11.2636 -6.3189 7.41942 -1 -1 -1 0 0 0
Hips : 39.2813 -95.1223 -30.5145 2.94942 17.6916 16.2571 0 0 0
LeftArm : 25.6194 1.44423 -88.1638 -1 -1 -1 0 0 0
LeftFoot : -18.525 9.14145 0.331 -1 -1 -1 0 0 0
LeftForeArm : -2.7122 -20.9747 13.0336 -1 -1 -1 0 0 0
LeftHand : 0 0 0 -1 -1 -1 0 0 0
LeftHandThumb1 : 3.302 23.8424 -9.6405 -1 -1 -1 0 0 0
LeftHip : 0 0 0 -1 -1 -1 0 0 0
LeftLeg : 12.5061 4.50003 0.506075 -1 -1 -1 0 0 0
LeftShoulder : 0 0 0 -1 -1 -1 0 0 0
LeftToeBase : -4.92713 -1.70432 0.5901 -1 -1 -1 0 0 0
LeftUpLeg : -5.70015 -10.3801 -17.2083 -1 -1 -1 0 0 0
Neck : -8.05627 -5.93898 -12.5678 -1 -1 -1 0 0 0
RightArm : 28.997 -0.831475 86.8025 -1 -1 -1 0 0 0
RightFoot : -15.7998 -5.33885 0.301825 -1 -1 -1 0 0 0
RightForeArm : -2.4557 21.1692 -12.9427 -1 -1 -1 0 0 0
RightHand : 0 0 0 -1 -1 -1 0 0 0
RightHandThumb1 : -10.6786 -50.7263 29.5161 -1 -1 -1 0 0 0
RightHip : 0 0 0 -1 -1 -1 0 0 0
RightLeg : 13.132 -4.6033 -0.88845 -1 -1 -1 0 0 0
RightShoulder : 0 0 0 -1 -1 -1 0 0 0
RightToeBase : -1.25008 0.45025 -0.092425 -1 -1 -1 0 0 0
RightUpLeg : -8.22512 6.17835 16.9072 -1 -1 -1 0 0 0
Spin : -11.5099 0.3588 -1.68705 -1 -1 -1 0 0 0
Spin1 : -1.92292 0.4583 0.15095 -1 -1 -1 0 0 0
Spin2 : 4.47788 0.04325 1.13915 -1 -1 -1 0 0 0
frame 1 26
Head : 14.1806 -1.7906 6.85195 -1 -1 -1 0 0 0
Hips : 58.3145 -93.8417 -49.4773 2.87712 16.9292 15.9512 0 0 0
LeftArm : 31.2888 3.16855 -88.2913 -1 -1 -1 0 0 0
LeftFoot : -17.4686 8.18427 0.28685 -1 -1 -1 0 0 0
LeftForeArm : -2.997 -22.977 14.2792 -1 -1 -1 0 0 0
LeftHand : 0 0 0 -1 -1 -1 0 0 0
LeftHandThumb1 : 4.35443 24.3102 -9.60247 -1 -1 -1 0 0 0
LeftHip : 0 0 0 -1 -1 -1 0 0 0
LeftLeg : 12.9021 4.6419 0.633425 -1 -1 -1 0 0 0
LeftShoulder : 0 0 0 -1 -1 -1 0 0 0
LeftToeBase : -5.66695 -1.96892 0.558075 -1 -1 -1 0 0 0
LeftUpLeg : -6.11288 -10.5919 -16.1352 -1 -1 -1 0 0 0
Neck : -9.27492 1.91122 -4.9868 -1 -1 -1 0 0 0
RightArm : 31.6485 -2.31365 86.7443 -1 -1 -1 0 0 0
RightFoot : -15.9295 -5.1226 0.2244 -1 -1 -1 0 0 0
RightForeArm : -2.74958 22.4433 -13.8004 -1 -1 -1 0 0 0
RightHand : 0 0 0 -1 -1 -1 0 0 0
RightHandThumb1 : -2.94547 -47.9704 18.5907 -1 -1 -1 0 0 0
RightHip : 0 0 0 -1 -1 -1 0 0 0
RightLeg : 12.3343 -4.3097 -0.821875 -1 -1 -1 0 0 0
RightShoulder : 0 0 0 -1 -1 -1 0 0 0
RightToeBase : 0.95925 -0.35145 -0.080475 -1 -1 -1 0 0 0
RightUpLeg : -7.65452 4.24583 17.9555 -1 -1 -1 0 0 0
Spin : -11.4361 0.731275 -1.00765 -1 -1 -1 0 0 0
Spin1 : -2.48025 0.87095 0.52735 -1 -1 -1 0 0 0
Spin2 : 3.80772 0.3384 1.16018 -1 -1 -1 0 0 0
frame 2 26
Head : 11.7236 -5.1655 7.08305 -1 -1 -1 0 0 0
Hips : 35.6304 -96.6961 -26.7614 2.75525 16.3713 15.9163 0 0 0
LeftArm : 31.4501 2.4578 -88.0615 -1 -1 -1 0 0 0
LeftFoot : -19.3114 9.18305 0.3899 -1 -1 -1 0 0 0
LeftForeArm : -3.0112 -22.7631 14.1277 -1 -1 -1 0 0 0
LeftHand : 0 0 0 -1 -1 -1 0 0 0
LeftHandThumb1 : 4.82508 23.2819 -9.48473 -1 -1 -1 0 0 0
LeftHip : 0 0 0 -1 -1 -1 0 0 0
LeftLeg : 12.6195 4.55157 1.2621 -1 -1 -1 0 0 0
LeftShoulder : 0 0 0 -1 -1 -1 0 0 0
LeftToeBase : -4.337 -1.48617 0.58585 -1 -1 -1 0 0 0
LeftUpLeg : -5.61032 -9.07435 -18.0766 -1 -1 -1 0 0 0
Neck : -8.51662 -3.78595 -10.6767 -1 -1 -1 0 0 0
RightArm : 32.6084 -1.7069 86.5611 -1 -1 -1 0 0 0
RightFoot : -16.0531 -5.46915 0.167275 -1 -1 -1 0 0 0
RightForeArm : -2.78712 22.5143 -13.8458 -1 -1 -1 0 0 0
RightHand : 0 0 0 -1 -1 -1 0 0 0
RightHandThumb1 : -2.66602 -47.8039 18.0751 -1 -1 -1 0 0 0
RightHip : 0 0 0 -1 -1 -1 0 0 0
RightLeg : 14.7313 -5.16893 -1.01515 -1 -1 -1 0 0 0
RightShoulder : 0 0 0 -1 -1 -1 0 0 0
RightToeBase : -1.52818 0.551875 -0.1111 -1 -1 -1 0 0 0
RightUpLeg : -7.8579 7.84395 16.0886 -1 -1 -1 0 0 0
Spin : -11.5576 0.458325 -1.64213 -1 -1 -1 0 0 0
Spin1 : -2.12923 0.6447 0.142125 -1 -1 -1 0 0 0
Spin2 : 4.2727 0.0876 1.16385 -1 -1 -1 0 0 0
frame 3 26
Head : 11.2413 -2.98638 6.57537 -1 -1 -1 0 0 0
Hips : 85.195 -95.3175 -77.2739 0.01255 7.9481 15.7052 0 0 0
LeftArm : 32.6183 3.30762 -88.2331 -1 -1 -1 0 0 0
LeftFoot : -14.2751 7.12533 0.116925 -1 -1 -1 0 0 0
LeftForeArm : -3.19182 -23.7069 14.7513 -1 -1 -1 0 0 0
LeftHand : 0 0 0 -1 -1 -1 0 0 0
LeftHandThumb1 : 5.03743 22.9443 -9.44823 -1 -1 -1 0 0 0
LeftHip : 0 0 0 -1 -1 -1 0 0 0
LeftLeg : 12.5781 4.46295 1.0452 -1 -1 -1 0 0 0
LeftShoulder : 0 0 0 -1 -1 -1 0 0 0
LeftToeBase : -9.3476 -3.30272 0.560075 -1 -1 -1 0 0 0
LeftUpLeg : -6.205 -9.80062 -15.1245 -1 -1 -1 0 0 0
Neck : -9.3909 -0.6719 -7.31812 -1 -1 -1 0 0 0
RightArm : 32.7691 -1.10465 85.7025 -1 -1 -1 0 0 0
RightFoot : -18.123 -3.4013 -0.287 -1 -1 -1 0 0 0
RightForeArm : -2.96275 23.2294 -14.3446 -1 -1 -1 0 0 0
RightHand : 0 0 0 -1 -1 -1 0 0 0
RightHandThumb1 : -3.19232 -48.3432 18.589 -1 -1 -1 0 0 0
RightHip : 0 0 0 -1 -1 -1 0 0 0
RightLeg : 14.1272 -4.8668 -1.29137 -1 -1 -1 0 0 0
RightShoulder : 0 0 0 -1 -1 -1 0 0 0
RightToeBase : -1.91185 0.691325 -0.08335 -1 -1 -1 0 0 0
RightUpLeg : -11.5718 2.60685 18.4739 -1 -1 -1 0 0 0
Spin : -8.67873 0.73945 -1.85967 -1 -1 -1 0 0 0
Spin1 : -1.3437 0.857 0.395825 -1 -1 -1 0 0 0
Spin2 : 3.44925 0.183425 1.52947 -1 -1 -1 0 0 0
