importances 26
Head : 0.169711
Hips : 0
LeftArm : 0.321022
LeftFoot : 0.278171
LeftForeArm : 0.382838
LeftHand : 0
LeftHandThumb1 : 0
LeftHip : 0
LeftLeg : 0.436991
LeftShoulder : 0
LeftToeBase : 0.0841711
LeftUpLeg : 0.12949
Neck : 0
RightArm : 0.35627
RightFoot : 0.23979
RightForeArm : 0.44192
RightHand : 0
RightHandThumb1 : 0
RightHip : 0
RightLeg : 0.446264
RightShoulder : 0
RightToeBase : 0.168358
RightUpLeg : 0.113911
Spin : 0
Spin1 : 0.0713982
Spin2 : 0.12773
offsets 26
Head : 1.5082
Hips : 0
LeftArm : 3.38699
LeftFoot : 7.40507
LeftForeArm : 4.96755
LeftHand : 3.35751
LeftHandThumb1 : 0
LeftHip : 0
LeftLeg : 6.92463
LeftShoulder : 0
LeftToeBase : 2.00008
LeftUpLeg : 2.68184
Neck : 0
RightArm : 3.41865
RightFoot : 7.12949
RightForeArm : 5.21859
RightHand : 3.36504
RightHandThumb1 : 0
RightHip : 0
RightLeg : 7.15483
RightShoulder : 0
RightToeBase : 2.11166
RightUpLeg : 2.56521
Spin : 0
Spin1 : 2.24007
Spin2 : 2.20123
frame 0 26
Head : 9.47457 -1.58099 5.78788 -1 -1 -1 0 0 0
Hips : 8.73086 -2.63977 -3.00086 7.88533 15.8208 -37.7658 0 0 0
LeftArm : 43.5619 12.5454 -84.875 -1 -1 -1 0 0 0
LeftFoot : -15.9241 8.36353 0.172811 -1 -1 -1 0 0 0
LeftForeArm : -2.69696 -21.9661 13.5239 -1 -1 -1 0 0 0
LeftHand : 0 0 0 -1 -1 -1 0 0 0
LeftHandThumb1 : 8.90156 4.2022 -9.52657 -1 -1 -1 0 0 0
LeftHip : 0 0 0 -1 -1 -1 0 0 0
LeftLeg : 52.1896 15.0979 8.68888 -1 -1 -1 0 0 0
LeftShoulder : 0 0 0 -1 -1 -1 0 0 0
LeftToeBase : -5.7145 -2.06491 0.339779 -1 -1 -1 0 0 0
LeftUpLeg : -38.151 -4.23408 -13.9 -1 -1 -1 0 0 0
Neck : -20.1535 -3.89956 -11.8429 -1 -1 -1 0 0 0
RightArm : 46.129 -0.0339874 78.1242 -1 -1 -1 0 0 0
RightFoot : -19.3103 8.95467 -1.15674 -1 -1 -1 0 0 0
RightForeArm : -5.98079 30.7608 -20.4703 -1 -1 -1 0 0 0
RightHand : 0 0 0 -1 -1 -1 0 0 0
RightHandThumb1 : 1.36352 -53.9633 -6.15471 -1 -1 -1 0 0 0
RightHip : 0 0 0 -1 -1 -1 0 0 0
RightLeg : 26.0395 -9.02016 -2.20702 -1 -1 -1 0 0 0
RightShoulder : 0 0 0 -1 -1 -1 0 0 0
RightToeBase : -12.1897 4.38838 -0.492042 -1 -1 -1 0 0 0
RightUpLeg : -10.136 8.64693 27.8474 -1 -1 -1 0 0 0
Spin : -2.54035 0.512673 -0.747041 -1 -1 -1 0 0 0
Spin1 : -0.842247 0.670334 3.34167 -1 -1 -1 0 0 0
Spin2 : 0.554116 0.344213 3.88526 -1 -1 -1 0 0 0
frame 1 26
Head : 9.78446 -1.78488 5.63653 -1 -1 -1 0 0 0
Hips : 8.99578 -3.84144 -3.90746 7.91274 15.8093 -37.062 0 0 0
LeftArm : 42.7327 14.5573 -84.8878 -1 -1 -1 0 0 0
LeftFoot : -16.7972 6.22396 0.457619 -1 -1 -1 0 0 0
LeftForeArm : -2.46093 -20.8464 12.7908 -1 -1 -1 0 0 0
LeftHand : 0 0 0 -1 -1 -1 0 0 0
LeftHandThumb1 : 9.8756 7.51029 -11.2929 -1 -1 -1 0 0 0
LeftHip : 0 0 0 -1 -1 -1 0 0 0
LeftLeg : 46.3363 13.8337 7.17622 -1 -1 -1 0 0 0
LeftShoulder : 0 0 0 -1 -1 -1 0 0 0
LeftToeBase : -10.5814 -3.82026 0.372229 -1 -1 -1 0 0 0
LeftUpLeg : -40.4588 -5.67018 -11.4996 -1 -1 -1 0 0 0
Neck : -21.043 -4.32228 -11.9742 -1 -1 -1 0 0 0
RightArm : 49.4374 3.84661 76.906 -1 -1 -1 0 0 0
RightFoot : -18.6928 8.42897 -1.09475 -1 -1 -1 0 0 0
RightForeArm : -7.00471 33.0554 -22.434 -1 -1 -1 0 0 0
RightHand : 0 0 0 -1 -1 -1 0 0 0
RightHandThumb1 : 1.25847 -53.2383 -6.0865 -1 -1 -1 0 0 0
RightHip : 0 0 0 -1 -1 -1 0 0 0
RightLeg : 22.6738 -7.92102 -1.74419 -1 -1 -1 0 0 0
RightShoulder : 0 0 0 -1 -1 -1 0 0 0
RightToeBase : -12.9969 4.67218 -0.556173 -1 -1 -1 0 0 0
RightUpLeg : -6.05345 7.58952 28.9772 -1 -1 -1 0 0 0
Spin : -3.04539 1.22127 -0.407678 -1 -1 -1 0 0 0
Spin1 : -0.404659 1.58985 3.651 -1 -1 -1 0 0 0
Spin2 : 1.21987 0.791105 4.05481 -1 -1 -1 0 0 0
frame 2 26
Head : 9.20305 -1.682 6.05083 -1 -1 -1 0 0 0
Hips : 9.28157 -4.65657 -4.94106 7.9675 15.7269 -36.3212 0 0 0
LeftArm : 36.8691 17.3893 -85.4756 -1 -1 -1 0 0 0
LeftFoot : -17.4727 5.89074 0.560087 -1 -1 -1 0 0 0
LeftForeArm : -2.33674 -19.9452 12.2441 -1 -1 -1 0 0 0
LeftHand : 0 0 0 -1 -1 -1 0 0 0
LeftHandThumb1 : 10.261 7.9089 -11.7933 -1 -1 -1 0 0 0
LeftHip : 0 0 0 -1 -1 -1 0 0 0
LeftLeg : 40.3819 12.5678 5.66025 -1 -1 -1 0 0 0
LeftShoulder : 0 0 0 -1 -1 -1 0 0 0
LeftToeBase : -13.1599 -4.73324 0.574424 -1 -1 -1 0 0 0
LeftUpLeg : -41.729 -7.4392 -8.85203 -1 -1 -1 0 0 0
Neck : -20.1346 -4.22288 -12.7976 -1 -1 -1 0 0 0
RightArm : 52.206 7.02798 75.7233 -1 -1 -1 0 0 0
RightFoot : -16.6918 7.97469 -0.918768 -1 -1 -1 0 0 0
RightForeArm : -7.96847 35.0406 -24.2027 -1 -1 -1 0 0 0
RightHand : 0 0 0 -1 -1 -1 0 0 0
RightHandThumb1 : 1.45655 -53.1728 -7.07756 -1 -1 -1 0 0 0
RightHip : 0 0 0 -1 -1 -1 0 0 0
RightLeg : 19.5417 -6.83091 -1.4926 -1 -1 -1 0 0 0
RightShoulder : 0 0 0 -1 -1 -1 0 0 0
RightToeBase : -14.8794 5.33514 -0.71165 -1 -1 -1 0 0 0
RightUpLeg : -2.00828 6.16624 29.9216 -1 -1 -1 0 0 0
Spin : -2.87745 1.70793 0.301079 -1 -1 -1 0 0 0
Spin1 : -0.510256 2.21192 3.95738 -1 -1 -1 0 0 0
Spin2 : 0.993631 1.11234 3.9963 -1 -1 -1 0 0 0
frame 3 26
Head : 9.13209 -1.84526 5.35345 -1 -1 -1 0 0 0
Hips : 9.15717 -5.7426 -5.0122 8.01065 15.7028 -35.4628 0 0 0
LeftArm : 32.6846 19.9758 -85.3235 -1 -1 -1 0 0 0
LeftFoot : -16.4732 5.92523 0.477437 -1 -1 -1 0 0 0
LeftForeArm : -2.30529 -19.4222 11.9516 -1 -1 -1 0 0 0
LeftHand : 0 0 0 -1 -1 -1 0 0 0
LeftHandThumb1 : 8.89294 9.45787 -10.6557 -1 -1 -1 0 0 0
LeftHip : 0 0 0 -1 -1 -1 0 0 0
LeftLeg : 35.2705 11.5395 4.20093 -1 -1 -1 0 0 0
LeftShoulder : 0 0 0 -1 -1 -1 0 0 0
LeftToeBase : -12.9577 -4.66269 0.53512 -1 -1 -1 0 0 0
LeftUpLeg : -42.1227 -7.04055 -9.11396 -1 -1 -1 0 0 0
Neck : -20.241 -4.37769 -11.78 -1 -1 -1 0 0 0
RightArm : 53.8163 9.85162 75.0025 -1 -1 -1 0 0 0
RightFoot : -13.727 8.41092 -0.678909 -1 -1 -1 0 0 0
RightForeArm : -8.89648 36.7395 -25.8146 -1 -1 -1 0 0 0
RightHand : 0 0 0 -1 -1 -1 0 0 0
RightHandThumb1 : 0.966296 -51.9749 -4.89135 -1 -1 -1 0 0 0
RightHip : 0 0 0 -1 -1 -1 0 0 0
RightLeg : 17.8253 -6.28467 -1.19456 -1 -1 -1 0 0 0
RightShoulder : 0 0 0 -1 -1 -1 0 0 0
RightToeBase : -6.36497 2.26003 -0.384027 -1 -1 -1 0 0 0
RightUpLeg : 2.54898 3.81423 29.3011 -1 -1 -1 0 0 0
Spin : -3.4878 2.19889 0.427716 -1 -1 -1 0 0 0
Spin1 : -0.217817 2.83429 3.81651 -1 -1 -1 0 0 0
Spin2 : 1.59617 1.41534 3.8316 -1 -1 -1 0 0 0
frame 4 26
Head : 9.61059 -1.93972 5.85231 -1 -1 -1 0 0 0
Hips : 9.59691 -6.34384 -5.22001 8.06493 15.652 -34.6163 0 0 0
LeftArm : 28.581 21.8557 -85.297 -1 -1 -1 0 0 0
LeftFoot : -11.7011 5.61575 0.2079 -1 -1 -1 0 0 0
LeftForeArm : -2.15497 -18.4998 11.3722 -1 -1 -1 0 0 0
LeftHand : 0 0 0 -1 -1 -1 0 0 0
LeftHandThumb1 : 8.88578 9.19748 -10.6042 -1 -1 -1 0 0 0
LeftHip : 0 0 0 -1 -1 -1 0 0 0
LeftLeg : 32.1729 10.8694 3.28896 -1 -1 -1 0 0 0
LeftShoulder : 0 0 0 -1 -1 -1 0 0 0
LeftToeBase : -9.86467 -3.55755 0.352437 -1 -1 -1 0 0 0
LeftUpLeg : -43.6543 -7.05505 -9.00048 -1 -1 -1 0 0 0
Neck : -21.0652 -4.69937 -12.7116 -1 -1 -1 0 0 0
RightArm : 54.1514 12.0671 74.475 -1 -1 -1 0 0 0
RightFoot : -10.8588 8.62053 -0.547238 -1 -1 -1 0 0 0
RightForeArm : -9.60043 37.897 -26.9822 -1 -1 -1 0 0 0
RightHand : 0 0 0 -1 -1 -1 0 0 0
RightHandThumb1 : 0.716596 -49.4254 -6.35747 -1 -1 -1 0 0 0
RightHip : 0 0 0 -1 -1 -1 0 0 0
RightLeg : 16.8112 -5.89857 -1.22318 -1 -1 -1 0 0 0
RightShoulder : 0 0 0 -1 -1 -1 0 0 0
RightToeBase : -17.7952 6.31779 -1.06994 -1 -1 -1 0 0 0
RightUpLeg : 6.22199 1.78341 28.5547 -1 -1 -1 0 0 0
Spin : -4.24436 2.66017 0.445876 -1 -1 -1 0 0 0
Spin1 : -0.213896 3.43597 3.78898 -1 -1 -1 0 0 0
Spin2 : 1.98437 1.71012 3.85914 -1 -1 -1 0 0 0
frame 5 26
Head : 10.0977 -2.0249 5.73896 -1 -1 -1 0 0 0
Hips : 9.7449 -6.56231 -4.71481 8.1313 15.6035 -33.7882 0 0 0
LeftArm : 23.4428 23.4699 -85.1993 -1 -1 -1 0 0 0
LeftFoot : -9.2758 5.71067 0.157987 -1 -1 -1 0 0 0
LeftForeArm : -1.93147 -17.4499 10.6766 -1 -1 -1 0 0 0
LeftHand : 0 0 0 -1 -1 -1 0 0 0
LeftHandThumb1 : 9.01427 8.77556 -10.6219 -1 -1 -1 0 0 0
LeftHip : 0 0 0 -1 -1 -1 0 0 0
LeftLeg : 30.2121 10.2569 2.94318 -1 -1 -1 0 0 0
LeftShoulder : 0 0 0 -1 -1 -1 0 0 0
LeftToeBase : -8.44241 -3.05287 0.258733 -1 -1 -1 0 0 0
LeftUpLeg : -44.3442 -8.40662 -8.68081 -1 -1 -1 0 0 0
Neck : -21.7957 -4.82771 -12.3897 -1 -1 -1 0 0 0
RightArm : 54.1113 13.2594 74.5442 -1 -1 -1 0 0 0
RightFoot : -9.08979 7.40952 -0.55692 -1 -1 -1 0 0 0
RightForeArm : -10.2693 38.872 -28.0416 -1 -1 -1 0 0 0
RightHand : 0 0 0 -1 -1 -1 0 0 0
RightHandThumb1 : 0.897887 -50.4389 -6.6233 -1 -1 -1 0 0 0
RightHip : 0 0 0 -1 -1 -1 0 0 0
RightLeg : 20.7379 -7.15221 -1.65719 -1 -1 -1 0 0 0
RightShoulder : 0 0 0 -1 -1 -1 0 0 0
RightToeBase : -15.937 5.68335 -0.865023 -1 -1 -1 0 0 0
RightUpLeg : 7.3166 1.74047 27.657 -1 -1 -1 0 0 0
Spin : -4.40675 2.83396 -0.108 -1 -1 -1 0 0 0
Spin1 : -0.401434 3.7172 3.41774 -1 -1 -1 0 0 0
Spin2 : 1.84376 1.84534 3.79134 -1 -1 -1 0 0 0
frame 6 26
Head : 9.97327 -2.08477 5.95594 -1 -1 -1 0 0 0
Hips : 9.54084 -6.5252 -4.81784 8.19733 15.5757 -32.9348 0 0 0
LeftArm : 20.2992 24.0875 -85.0779 -1 -1 -1 0 0 0
LeftFoot : -9.13291 5.21026 0.133477 -1 -1 -1 0 0 0
LeftForeArm : -1.70668 -16.5078 10.0376 -1 -1 -1 0 0 0
LeftHand : 0 0 0 -1 -1 -1 0 0 0
LeftHandThumb1 : 9.70599 8.22986 -11.2659 -1 -1 -1 0 0 0
LeftHip : 0 0 0 -1 -1 -1 0 0 0
LeftLeg : 29.1639 9.77541 2.98128 -1 -1 -1 0 0 0
LeftShoulder : 0 0 0 -1 -1 -1 0 0 0
LeftToeBase : -8.66636 -3.12916 0.305782 -1 -1 -1 0 0 0
LeftUpLeg : -43.9773 -10.0066 -7.60839 -1 -1 -1 0 0 0
Neck : -21.4864 -4.94431 -12.7545 -1 -1 -1 0 0 0
RightArm : 53.391 14.2993 74.3897 -1 -1 -1 0 0 0
RightFoot : -4.98915 6.2225 -0.43973 -1 -1 -1 0 0 0
RightForeArm : -10.6864 39.3979 -28.6719 -1 -1 -1 0 0 0
RightHand : 0 0 0 -1 -1 -1 0 0 0
RightHandThumb1 : 0.616001 -49.3787 -6.90078 -1 -1 -1 0 0 0
RightHip : 0 0 0 -1 -1 -1 0 0 0
RightLeg : 23.8561 -7.94632 -2.37981 -1 -1 -1 0 0 0
RightShoulder : 0 0 0 -1 -1 -1 0 0 0
RightToeBase : -11.0755 3.99136 -0.420702 -1 -1 -1 0 0 0
RightUpLeg : 8.11912 0.627882 26.9261 -1 -1 -1 0 0 0
Spin : -4.63973 3.08306 0.130571 -1 -1 -1 0 0 0
Spin1 : -0.239013 4.0167 3.31811 -1 -1 -1 0 0 0
Spin2 : 2.14452 1.99545 3.59776 -1 -1 -1 0 0 0
frame 7 26
Head : 9.96292 -2.21801 6.00622 -1 -1 -1 0 0 0
Hips : 9.02191 -6.90401 -3.66664 8.26883 15.5767 -32.1055 0 0 0
LeftArm : 17.4899 23.9915 -85.2817 -1 -1 -1 0 0 0
LeftFoot : -11.1855 5.73763 0.155582 -1 -1 -1 0 0 0
LeftForeArm : -1.40737 -15.2857 9.20651 -1 -1 -1 0 0 0
LeftHand : 0 0 0 -1 -1 -1 0 0 0
LeftHandThumb1 : 9.70904 7.11212 -11.028 -1 -1 -1 0 0 0
LeftHip : 0 0 0 -1 -1 -1 0 0 0
LeftLeg : 27.9666 9.32927 2.89093 -1 -1 -1 0 0 0
LeftShoulder : 0 0 0 -1 -1 -1 0 0 0
LeftToeBase : -7.5568 -2.73273 0.279284 -1 -1 -1 0 0 0
LeftUpLeg : -42.4064 -10.356 -8.97149 -1 -1 -1 0 0 0
Neck : -21.4194 -5.18713 -13.0523 -1 -1 -1 0 0 0
RightArm : 52.9692 14.6388 74.2185 -1 -1 -1 0 0 0
RightFoot : -2.27719 3.48119 -0.290702 -1 -1 -1 0 0 0
RightForeArm : -10.8579 39.5606 -28.912 -1 -1 -1 0 0 0
RightHand : 0 0 0 -1 -1 -1 0 0 0
RightHandThumb1 : 1.16022 -51.1967 -7.46515 -1 -1 -1 0 0 0
RightHip : 0 0 0 -1 -1 -1 0 0 0
RightLeg : 26.6151 -8.4164 -3.38538 -1 -1 -1 0 0 0
RightShoulder : 0 0 0 -1 -1 -1 0 0 0
RightToeBase : -10.4386 3.75828 -0.395265 -1 -1 -1 0 0 0
RightUpLeg : 8.2676 -0.600349 24.7131 -1 -1 -1 0 0 0
Spin : -4.27402 3.33512 -0.91313 -1 -1 -1 0 0 0
Spin1 : -0.123609 4.36864 2.925 -1 -1 -1 0 0 0
Spin2 : 1.99129 2.17662 3.78416 -1 -1 -1 0 0 0
frame 8 26
Head : 9.95553 -2.23906 6.14223 -1 -1 -1 0 0 0
Hips : 9.10372 -7.02738 -3.30586 8.33468 15.5898 -31.2838 0 0 0
LeftArm : 14.4518 23.3838 -85.5612 -1 -1 -1 0 0 0
LeftFoot : -12.0592 4.37661 0.252643 -1 -1 -1 0 0 0
LeftForeArm : -1.22843 -14.534 8.69743 -1 -1 -1 0 0 0
LeftHand : 0 0 0 -1 -1 -1 0 0 0
LeftHandThumb1 : 9.32718 5.6869 -10.3184 -1 -1 -1 0 0 0
LeftHip : 0 0 0 -1 -1 -1 0 0 0
LeftLeg : 28.5729 9.57675 2.89682 -1 -1 -1 0 0 0
LeftShoulder : 0 0 0 -1 -1 -1 0 0 0
LeftToeBase : -7.24399 -2.61894 0.248419 -1 -1 -1 0 0 0
LeftUpLeg : -42.0683 -8.76911 -11.008 -1 -1 -1 0 0 0
Neck : -21.5937 -5.29492 -13.3507 -1 -1 -1 0 0 0
RightArm : 52.4187 14.8508 74.294 -1 -1 -1 0 0 0
RightFoot : -2.91534 0.901961 0.0349902 -1 -1 -1 0 0 0
RightForeArm : -10.9544 39.4842 -28.9816 -1 -1 -1 0 0 0
RightHand : 0 0 0 -1 -1 -1 0 0 0
RightHandThumb1 : 1.20023 -52.0054 -6.96012 -1 -1 -1 0 0 0
RightHip : 0 0 0 -1 -1 -1 0 0 0
RightLeg : 28.715 -8.55599 -4.38196 -1 -1 -1 0 0 0
RightShoulder : 0 0 0 -1 -1 -1 0 0 0
RightToeBase : -14.9293 5.33007 -0.777852 -1 -1 -1 0 0 0
RightUpLeg : 7.91312 -0.953263 23.738 -1 -1 -1 0 0 0
Spin : -4.46599 3.42927 -1.13361 -1 -1 -1 0 0 0
Spin1 : -0.0631445 4.46956 2.7127 -1 -1 -1 0 0 0
Spin2 : 2.16954 2.22735 3.7264 -1 -1 -1 0 0 0
frame 9 26
Head : 9.8882 -2.29252 6.20226 -1 -1 -1 0 0 0
Hips : 9.3091 -6.32179 -4.01807 8.38536 15.6 -30.4371 0 0 0
LeftArm : 10.8331 22.5332 -85.5234 -1 -1 -1 0 0 0
LeftFoot : -9.67856 3.44831 0.146937 -1 -1 -1 0 0 0
LeftForeArm : -1.10901 -13.8622 8.26459 -1 -1 -1 0 0 0
LeftHand : 0 0 0 -1 -1 -1 0 0 0
LeftHandThumb1 : 9.3707 4.14528 -10.0352 -1 -1 -1 0 0 0
LeftHip : 0 0 0 -1 -1 -1 0 0 0
LeftLeg : 31.3557 10.5362 3.22273 -1 -1 -1 0 0 0
LeftShoulder : 0 0 0 -1 -1 -1 0 0 0
LeftToeBase : -7.27055 -2.62691 0.290268 -1 -1 -1 0 0 0
LeftUpLeg : -42.1982 -7.68075 -11.7795 -1 -1 -1 0 0 0
Neck : -21.2767 -5.3676 -13.5711 -1 -1 -1 0 0 0
RightArm : 51.5853 13.678 74.1254 -1 -1 -1 0 0 0
RightFoot : -3.24273 -1.00362 0.224553 -1 -1 -1 0 0 0
RightForeArm : -11.0825 39.4253 -29.0899 -1 -1 -1 0 0 0
RightHand : 0 0 0 -1 -1 -1 0 0 0
RightHandThumb1 : 1.68665 -53.1088 -7.60462 -1 -1 -1 0 0 0
RightHip : 0 0 0 -1 -1 -1 0 0 0
RightLeg : 28.6557 -8.13544 -5.01853 -1 -1 -1 0 0 0
RightShoulder : 0 0 0 -1 -1 -1 0 0 0
RightToeBase : -12.0433 4.32515 -0.515321 -1 -1 -1 0 0 0
RightUpLeg : 7.94634 -1.35148 24.3253 -1 -1 -1 0 0 0
Spin : -4.83584 3.38121 -0.18342 -1 -1 -1 0 0 0
Spin1 : -0.253382 4.34748 2.86381 -1 -1 -1 0 0 0
Spin2 : 2.28162 2.17342 3.39144 -1 -1 -1 0 0 0
frame 10 26
Head : 9.86926 -2.24841 6.16301 -1 -1 -1 0 0 0
Hips : 9.37114 -5.98733 -3.70852 8.43636 15.659 -29.5596 0 0 0
LeftArm : 7.06225 20.645 -85.6018 -1 -1 -1 0 0 0
LeftFoot : -7.66318 4.23556 0.107519 -1 -1 -1 0 0 0
LeftForeArm : -1.09363 -13.6753 8.15138 -1 -1 -1 0 0 0
LeftHand : 0 0 0 -1 -1 -1 0 0 0
LeftHandThumb1 : 8.79545 4.09787 -9.41419 -1 -1 -1 0 0 0
LeftHip : 0 0 0 -1 -1 -1 0 0 0
LeftLeg : 33.6819 11.2995 3.56834 -1 -1 -1 0 0 0
LeftShoulder : 0 0 0 -1 -1 -1 0 0 0
LeftToeBase : -7.10866 -2.57562 0.226909 -1 -1 -1 0 0 0
LeftUpLeg : -41.5273 -6.86604 -13.1968 -1 -1 -1 0 0 0
Neck : -21.4719 -5.29028 -13.2244 -1 -1 -1 0 0 0
RightArm : 51.247 12.2356 74.3907 -1 -1 -1 0 0 0
RightFoot : -2.70506 -1.41081 0.115345 -1 -1 -1 0 0 0
RightForeArm : -11.1741 39.1646 -29.0811 -1 -1 -1 0 0 0
RightHand : 0 0 0 -1 -1 -1 0 0 0
RightHandThumb1 : 1.46604 -52.5968 -7.25951 -1 -1 -1 0 0 0
RightHip : 0 0 0 -1 -1 -1 0 0 0
RightLeg : 31.4988 -9.02163 -5.41866 -1 -1 -1 0 0 0
RightShoulder : 0 0 0 -1 -1 -1 0 0 0
RightToeBase : -13.3339 4.78169 -0.618097 -1 -1 -1 0 0 0
RightUpLeg : 6.32944 -0.581992 23.9787 -1 -1 -1 0 0 0
Spin : -4.9814 3.15575 -0.717106 -1 -1 -1 0 0 0
Spin1 : -0.313636 4.10654 2.74443 -1 -1 -1 0 0 0
Spin2 : 2.2938 2.03602 3.56688 -1 -1 -1 0 0 0
frame 11 26
Head : 10.0522 -2.27044 6.28059 -1 -1 -1 0 0 0
Hips : 8.87126 -5.37394 -2.29867 8.49503 15.6796 -28.5516 0 0 0
LeftArm : 5.19242 18.4198 -84.9928 -1 -1 -1 0 0 0
LeftFoot : -8.42316 3.48422 0.225614 -1 -1 -1 0 0 0
LeftForeArm : -1.18534 -13.9656 8.35464 -1 -1 -1 0 0 0
LeftHand : 0 0 0 -1 -1 -1 0 0 0
LeftHandThumb1 : 8.65479 3.90843 -9.23181 -1 -1 -1 0 0 0
LeftHip : 0 0 0 -1 -1 -1 0 0 0
LeftLeg : 36.6839 12.139 4.2114 -1 -1 -1 0 0 0
LeftShoulder : 0 0 0 -1 -1 -1 0 0 0
LeftToeBase : -2.70529 -0.983404 0.0373445 -1 -1 -1 0 0 0
LeftUpLeg : -39.8109 -6.38355 -15.8407 -1 -1 -1 0 0 0
Neck : -22.2009 -5.43718 -13.1618 -1 -1 -1 0 0 0
RightArm : 50.3209 9.82272 74.804 -1 -1 -1 0 0 0
RightFoot : -4.10341 -0.224091 -0.137693 -1 -1 -1 0 0 0
RightForeArm : -11.2857 38.9807 -29.1213 -1 -1 -1 0 0 0
RightHand : 0 0 0 -1 -1 -1 0 0 0
RightHandThumb1 : 0.959545 -50.1083 -7.18961 -1 -1 -1 0 0 0
RightHip : 0 0 0 -1 -1 -1 0 0 0
RightLeg : 37.8752 -11.5193 -5.71023 -1 -1 -1 0 0 0
RightShoulder : 0 0 0 -1 -1 -1 0 0 0
RightToeBase : -18.4037 6.51136 -1.17316 -1 -1 -1 0 0 0
RightUpLeg : 1.5012 0.604796 22.7556 -1 -1 -1 0 0 0
Spin : -4.75856 2.75564 -2.2264 -1 -1 -1 0 0 0
Spin1 : -0.127387 3.69562 2.23117 -1 -1 -1 0 0 0
Spin2 : 2.3038 1.81605 3.85299 -1 -1 -1 0 0 0
frame 12 26
Head : 10.3374 -2.24637 6.53854 -1 -1 -1 0 0 0
Hips : 8.01883 -4.92257 -1.11408 8.55389 15.7026 -27.553 0 0 0
LeftArm : 4.33627 16.1349 -84.2047 -1 -1 -1 0 0 0
LeftFoot : -11.0681 1.40557 0.431379 -1 -1 -1 0 0 0
LeftForeArm : -1.51551 -15.2182 9.21877 -1 -1 -1 0 0 0
LeftHand : 0 0 0 -1 -1 -1 0 0 0
LeftHandThumb1 : 8.95041 3.03507 -9.37621 -1 -1 -1 0 0 0
LeftHip : 0 0 0 -1 -1 -1 0 0 0
LeftLeg : 38.2128 12.5153 4.6 -1 -1 -1 0 0 0
LeftShoulder : 0 0 0 -1 -1 -1 0 0 0
LeftToeBase : -3.12044 -1.1344 0.042659 -1 -1 -1 0 0 0
LeftUpLeg : -36.4681 -5.75664 -18.3978 -1 -1 -1 0 0 0
Neck : -22.4801 -5.43744 -13.4167 -1 -1 -1 0 0 0
RightArm : 49.7897 6.22148 75.2657 -1 -1 -1 0 0 0
RightFoot : -0.812883 -2.09872 -0.524055 -1 -1 -1 0 0 0
RightForeArm : -11.1378 38.5621 -28.8044 -1 -1 -1 0 0 0
RightHand : 0 0 0 -1 -1 -1 0 0 0
RightHandThumb1 : 1.50603 -53.1175 -7.48828 -1 -1 -1 0 0 0
RightHip : 0 0 0 -1 -1 -1 0 0 0
RightLeg : 42.5144 -13.4115 -6.22499 -1 -1 -1 0 0 0
RightShoulder : 0 0 0 -1 -1 -1 0 0 0
RightToeBase : -14.6578 5.25882 -0.6878 -1 -1 -1 0 0 0
RightUpLeg : -3.72166 0.47307 20.8579 -1 -1 -1 0 0 0
Spin : -3.56226 2.43696 -3.25419 -1 -1 -1 0 0 0
Spin1 : -0.255445 3.33455 1.79921 -1 -1 -1 0 0 0
Spin2 : 1.48022 1.64385 3.85618 -1 -1 -1 0 0 0
frame 13 26
Head : 10.644 -2.27984 6.48621 -1 -1 -1 0 0 0
Hips : 7.40953 -4.86088 1.26191 8.59437 15.7794 -26.5606 0 0 0
LeftArm : 7.01397 12.5042 -83.7324 -1 -1 -1 0 0 0
LeftFoot : -14.1924 0.415012 0.616896 -1 -1 -1 0 0 0
LeftForeArm : -1.98325 -16.7092 10.3127 -1 -1 -1 0 0 0
LeftHand : 0 0 0 -1 -1 -1 0 0 0
LeftHandThumb1 : 8.52962 2.85482 -8.90043 -1 -1 -1 0 0 0
LeftHip : 0 0 0 -1 -1 -1 0 0 0
LeftLeg : 36.3198 11.9301 4.28771 -1 -1 -1 0 0 0
LeftShoulder : 0 0 0 -1 -1 -1 0 0 0
LeftToeBase : -3.01787 -1.09685 0.0469711 -1 -1 -1 0 0 0
LeftUpLeg : -31.5198 -4.6805 -22.0803 -1 -1 -1 0 0 0
Neck : -23.7237 -5.71686 -13.6017 -1 -1 -1 0 0 0
RightArm : 49.1498 3.47187 75.8218 -1 -1 -1 0 0 0
RightFoot : -2.76695 -6.1415 -0.445351 -1 -1 -1 0 0 0
RightForeArm : -10.2153 37.6184 -27.4922 -1 -1 -1 0 0 0
RightHand : 0 0 0 -1 -1 -1 0 0 0
RightHandThumb1 : 1.6168 -53.2268 -8.06493 -1 -1 -1 0 0 0
RightHip : 0 0 0 -1 -1 -1 0 0 0
RightLeg : 46.7063 -14.6053 -7.16962 -1 -1 -1 0 0 0
RightShoulder : 0 0 0 -1 -1 -1 0 0 0
RightToeBase : -10.9291 3.91279 -0.506939 -1 -1 -1 0 0 0
RightUpLeg : -9.52362 1.36566 17.4994 -1 -1 -1 0 0 0
Spin : -3.04455 2.1249 -5.51517 -1 -1 -1 0 0 0
Spin1 : 0.109699 3.01324 1.1469 -1 -1 -1 0 0 0
Spin2 : 1.45955 1.45659 4.39134 -1 -1 -1 0 0 0
frame 14 26
Head : 10.5284 -2.06439 6.53406 -1 -1 -1 0 0 0
Hips : 7.39709 -4.50398 2.44909 8.62841 15.8669 -25.5385 0 0 0
LeftArm : 10.6044 8.2119 -83.5442 -1 -1 -1 0 0 0
LeftFoot : -15.4457 -0.60159 0.705234 -1 -1 -1 0 0 0
LeftForeArm : -2.589 -18.3699 11.6148 -1 -1 -1 0 0 0
LeftHand : 0 0 0 -1 -1 -1 0 0 0
LeftHandThumb1 : 7.5503 2.70567 -7.88226 -1 -1 -1 0 0 0
LeftHip : 0 0 0 -1 -1 -1 0 0 0
LeftLeg : 31.9186 10.5171 3.66703 -1 -1 -1 0 0 0
LeftShoulder : 0 0 0 -1 -1 -1 0 0 0
LeftToeBase : -4.23147 -1.53768 0.076116 -1 -1 -1 0 0 0
LeftUpLeg : -25.9506 -2.45084 -24.2684 -1 -1 -1 0 0 0
Neck : -24.1661 -5.46366 -13.5312 -1 -1 -1 0 0 0
RightArm : 48.1582 0.309555 76.8585 -1 -1 -1 0 0 0
RightFoot : -8.62482 -7.73042 -0.0983973 -1 -1 -1 0 0 0
RightForeArm : -8.94922 36.2488 -25.6684 -1 -1 -1 0 0 0
RightHand : 0 0 0 -1 -1 -1 0 0 0
RightHandThumb1 : 1.15002 -52.0269 -6.65768 -1 -1 -1 0 0 0
RightHip : 0 0 0 -1 -1 -1 0 0 0
RightLeg : 48.9174 -14.6913 -7.86306 -1 -1 -1 0 0 0
RightShoulder : 0 0 0 -1 -1 -1 0 0 0
RightToeBase : -8.36327 3.01327 -0.306739 -1 -1 -1 0 0 0
RightUpLeg : -15.5807 3.09814 15.1658 -1 -1 -1 0 0 0
Spin : -2.98327 1.59361 -6.47102 -1 -1 -1 0 0 0
Spin1 : 0.252861 2.34248 0.896534 -1 -1 -1 0 0 0
Spin2 : 1.62633 1.10325 4.63048 -1 -1 -1 0 0 0
frame 15 26
Head : 10.4382 -1.95013 6.22522 -1 -1 -1 0 0 0
Hips : 7.67208 -3.45331 2.71837 8.64202 15.9301 -24.5215 0 0 0
LeftArm : 11.9979 3.10009 -83.7732 -1 -1 -1 0 0 0
LeftFoot : -14.6252 -1.01493 0.612806 -1 -1 -1 0 0 0
LeftForeArm : -3.03939 -19.3468 12.462 -1 -1 -1 0 0 0
LeftHand : 0 0 0 -1 -1 -1 0 0 0
LeftHandThumb1 : 7.57268 2.34303 -7.84767 -1 -1 -1 0 0 0
LeftHip : 0 0 0 -1 -1 -1 0 0 0
LeftLeg : 25.1092 8.22718 3.06864 -1 -1 -1 0 0 0
LeftShoulder : 0 0 0 -1 -1 -1 0 0 0
LeftToeBase : -3.23728 -1.17641 0.079652 -1 -1 -1 0 0 0
LeftUpLeg : -19.0398 -0.447195 -24.7269 -1 -1 -1 0 0 0
Neck : -24.4227 -5.23697 -13.0364 -1 -1 -1 0 0 0
RightArm : 46.4315 -3.21907 77.7391 -1 -1 -1 0 0 0
RightFoot : -13.8049 -8.5608 -0.310785 -1 -1 -1 0 0 0
RightForeArm : -7.69001 34.629 -23.7596 -1 -1 -1 0 0 0
RightHand : 0 0 0 -1 -1 -1 0 0 0
RightHandThumb1 : -1.3725 -52.537 0.903191 -1 -1 -1 0 0 0
RightHip : 0 0 0 -1 -1 -1 0 0 0
RightLeg : 50.9478 -14.7511 -8.49171 -1 -1 -1 0 0 0
RightShoulder : 0 0 0 -1 -1 -1 0 0 0
RightToeBase : -10.8051 3.86277 -0.52677 -1 -1 -1 0 0 0
RightUpLeg : -21.1204 7.50117 12.5123 -1 -1 -1 0 0 0
Spin : -3.05148 0.938036 -6.41787 -1 -1 -1 0 0 0
Spin1 : 0.341829 1.47612 0.936734 -1 -1 -1 0 0 0
Spin2 : 1.95292 0.661334 4.57709 -1 -1 -1 0 0 0
frame 16 26
Head : 10.0401 -1.63268 6.44038 -1 -1 -1 0 0 0
Hips : 7.57323 -2.66326 2.89412 8.63038 15.9404 -23.4581 0 0 0
LeftArm : 18.656 -0.0708832 -84.4436 -1 -1 -1 0 0 0
LeftFoot : -15.2406 -1.90677 0.691896 -1 -1 -1 0 0 0
LeftForeArm : -3.34545 -20.4693 13.285 -1 -1 -1 0 0 0
LeftHand : 0 0 0 -1 -1 -1 0 0 0
LeftHandThumb1 : 6.97063 2.26357 -7.22811 -1 -1 -1 0 0 0
LeftHip : 0 0 0 -1 -1 -1 0 0 0
LeftLeg : 34.342 11.5293 3.79881 -1 -1 -1 0 0 0
LeftShoulder : 0 0 0 -1 -1 -1 0 0 0
LeftToeBase : -4.7417 -1.72156 0.181408 -1 -1 -1 0 0 0
LeftUpLeg : -13.9624 0.889464 -24.726 -1 -1 -1 0 0 0
Neck : -22.9921 -4.55048 -13.1572 -1 -1 -1 0 0 0
RightArm : 44.7534 -7.28389 78.1898 -1 -1 -1 0 0 0
RightFoot : -15.8926 -6.35281 -0.54871 -1 -1 -1 0 0 0
RightForeArm : -6.36304 32.2454 -21.474 -1 -1 -1 0 0 0
RightHand : 0 0 0 -1 -1 -1 0 0 0
RightHandThumb1 : 1.85062 -55.4719 -6.62551 -1 -1 -1 0 0 0
RightHip : 0 0 0 -1 -1 -1 0 0 0
RightLeg : 52.4832 -15.0762 -8.67327 -1 -1 -1 0 0 0
RightShoulder : 0 0 0 -1 -1 -1 0 0 0
RightToeBase : -13.7686 4.92353 -0.686189 -1 -1 -1 0 0 0
RightUpLeg : -25.9777 9.17016 12.3973 -1 -1 -1 0 0 0
Spin : -2.92976 0.209024 -6.56014 -1 -1 -1 0 0 0
Spin1 : 0.0489285 0.490439 1.17462 -1 -1 -1 0 0 0
Spin2 : 1.71942 0.183357 4.85114 -1 -1 -1 0 0 0
frame 17 26
Head : 10.2172 -1.54788 6.35836 -1 -1 -1 0 0 0
Hips : 7.34648 -2.04525 3.04952 8.59339 15.9721 -22.2197 0 0 0
LeftArm : 25.9602 -3.1195 -84.7444 -1 -1 -1 0 0 0
LeftFoot : -13.4112 -1.38027 0.640457 -1 -1 -1 0 0 0
LeftForeArm : -3.83013 -22.1433 14.5207 -1 -1 -1 0 0 0
LeftHand : 0 0 0 -1 -1 -1 0 0 0
LeftHandThumb1 : 6.29904 1.64244 -6.48597 -1 -1 -1 0 0 0
LeftHip : 0 0 0 -1 -1 -1 0 0 0
LeftLeg : 42.8837 13.4962 5.98248 -1 -1 -1 0 0 0
LeftShoulder : 0 0 0 -1 -1 -1 0 0 0
LeftToeBase : -8.0358 -2.8866 0.378053 -1 -1 -1 0 0 0
LeftUpLeg : -8.46469 2.90302 -24.1879 -1 -1 -1 0 0 0
Neck : -23.4078 -4.38969 -12.8566 -1 -1 -1 0 0 0
RightArm : 40.9918 -9.26564 79.1003 -1 -1 -1 0 0 0
RightFoot : -11.7761 -3.20292 -0.288536 -1 -1 -1 0 0 0
RightForeArm : -4.67561 28.138 -18.1037 -1 -1 -1 0 0 0
RightHand : 0 0 0 -1 -1 -1 0 0 0
RightHandThumb1 : 2.57544 -57.5845 -7.95558 -1 -1 -1 0 0 0
RightHip : 0 0 0 -1 -1 -1 0 0 0
RightLeg : 55.2909 -16.0771 -8.9868 -1 -1 -1 0 0 0
RightShoulder : 0 0 0 -1 -1 -1 0 0 0
RightToeBase : -16.1155 5.75207 -0.866452 -1 -1 -1 0 0 0
RightUpLeg : -30.5996 8.07016 14.8341 -1 -1 -1 0 0 0
Spin : -3.1013 -0.299863 -6.39206 -1 -1 -1 0 0 0
Spin1 : 0.21677 -0.171879 1.17712 -1 -1 -1 0 0 0
Spin2 : 2.03806 -0.160617 4.72523 -1 -1 -1 0 0 0
frame 18 26
Head : 10.0207 -1.32989 6.29149 -1 -1 -1 0 0 0
Hips : 6.77062 -1.43048 1.8084 8.54588 16.0793 -20.982 0 0 0
LeftArm : 35.5721 -2.40772 -84.6363 -1 -1 -1 0 0 0
LeftFoot : -10.4253 2.30551 0.677316 -1 -1 -1 0 0 0
LeftForeArm : -4.49595 -25.1937 16.5749 -1 -1 -1 0 0 0
LeftHand : 0 0 0 -1 -1 -1 0 0 0
LeftHandThumb1 : 5.14634 1.67166 -5.32088 -1 -1 -1 0 0 0
LeftHip : 0 0 0 -1 -1 -1 0 0 0
LeftLeg : 44.6626 13.54 6.64329 -1 -1 -1 0 0 0
LeftShoulder : 0 0 0 -1 -1 -1 0 0 0
LeftToeBase : -8.17515 -2.93996 0.389403 -1 -1 -1 0 0 0
LeftUpLeg : -8.00743 3.1584 -22.4654 -1 -1 -1 0 0 0
Neck : -22.2479 -3.84607 -12.6322 -1 -1 -1 0 0 0
RightArm : 36.9743 -11.2012 79.3412 -1 -1 -1 0 0 0
RightFoot : -12.8762 -0.000864815 -0.463066 -1 -1 -1 0 0 0
RightForeArm : -3.59768 24.8083 -15.6262 -1 -1 -1 0 0 0
RightHand : 0 0 0 -1 -1 -1 0 0 0
RightHandThumb1 : 1.4086 -53.5268 -5.48139 -1 -1 -1 0 0 0
RightHip : 0 0 0 -1 -1 -1 0 0 0
RightLeg : 53.1665 -15.827 -8.2038 -1 -1 -1 0 0 0
RightShoulder : 0 0 0 -1 -1 -1 0 0 0
RightToeBase : -11.3232 4.08008 -0.432178 -1 -1 -1 0 0 0
RightUpLeg : -32.5753 8.82958 17.7712 -1 -1 -1 0 0 0
Spin : -2.57229 -0.725316 -4.97017 -1 -1 -1 0 0 0
Spin1 : -0.0781473 -0.848061 1.66897 -1 -1 -1 0 0 0
Spin2 : 1.4909 -0.463638 4.43221 -1 -1 -1 0 0 0
frame 19 26
Head : 9.96684 -1.30624 6.35296 -1 -1 -1 0 0 0
Hips : 6.75451 0.275989 0.0142727 8.51081 16.272 -19.6487 0 0 0
LeftArm : 42.1948 -2.00496 -84.8412 -1 -1 -1 0 0 0
LeftFoot : -15.7972 3.79005 0.706323 -1 -1 -1 0 0 0
LeftForeArm : -4.61298 -27.181 17.6056 -1 -1 -1 0 0 0
LeftHand : 0 0 0 -1 -1 -1 0 0 0
LeftHandThumb1 : 5.95171 2.61193 -6.22556 -1 -1 -1 0 0 0
LeftHip : 0 0 0 -1 -1 -1 0 0 0
LeftLeg : 40.4738 12.5967 5.52057 -1 -1 -1 0 0 0
LeftShoulder : 0 0 0 -1 -1 -1 0 0 0
LeftToeBase : -10.9891 -3.9273 0.424584 -1 -1 -1 0 0 0
LeftUpLeg : -13.0948 0.334631 -20.9816 -1 -1 -1 0 0 0
Neck : -22.0877 -3.80582 -12.7192 -1 -1 -1 0 0 0
RightArm : 34.9864 -11.1299 79.3917 -1 -1 -1 0 0 0
RightFoot : -15.9624 2.70169 -0.743514 -1 -1 -1 0 0 0
RightForeArm : -3.2682 23.5846 -14.7737 -1 -1 -1 0 0 0
RightHand : 0 0 0 -1 -1 -1 0 0 0
RightHandThumb1 : 1.07462 -57.1669 -4.13046 -1 -1 -1 0 0 0
RightHip : 0 0 0 -1 -1 -1 0 0 0
RightLeg : 46.2993 -14.3719 -6.36471 -1 -1 -1 0 0 0
RightShoulder : 0 0 0 -1 -1 -1 0 0 0
RightToeBase : -8.20252 2.96427 -0.251774 -1 -1 -1 0 0 0
RightUpLeg : -31.1924 8.2822 20.916 -1 -1 -1 0 0 0
Spin : -2.2624 -1.19362 -3.49802 -1 -1 -1 0 0 0
Spin1 : -0.0655289 -1.5654 2.50383 -1 -1 -1 0 0 0
Spin2 : 1.37705 -0.811256 4.4751 -1 -1 -1 0 0 0
frame 20 26
Head : 9.85592 -1.36105 6.39322 -1 -1 -1 0 0 0
Hips : 7.38709 0.225802 0.19755 8.53147 16.3699 -18.1983 0 0 0
LeftArm : 47.0251 -0.142677 -83.6903 -1 -1 -1 0 0 0
LeftFoot : -18.9165 2.55653 0.920771 -1 -1 -1 0 0 0
LeftForeArm : -4.60929 -28.0683 18.0068 -1 -1 -1 0 0 0
LeftHand : 0 0 0 -1 -1 -1 0 0 0
LeftHandThumb1 : 6.68044 5.74961 -7.60027 -1 -1 -1 0 0 0
LeftHip : 0 0 0 -1 -1 -1 0 0 0
LeftLeg : 27.6729 9.16425 2.78851 -1 -1 -1 0 0 0
LeftShoulder : 0 0 0 -1 -1 -1 0 0 0
LeftToeBase : -5.43508 -1.95994 0.0819008 -1 -1 -1 0 0 0
LeftUpLeg : -16.8685 -2.24042 -21.7683 -1 -1 -1 0 0 0
Neck : -21.7135 -3.85236 -12.7452 -1 -1 -1 0 0 0
RightArm : 36.0287 -9.5374 78.9229 -1 -1 -1 0 0 0
RightFoot : -18.5245 4.23388 -1.03535 -1 -1 -1 0 0 0
RightForeArm : -3.42005 23.9027 -15.0522 -1 -1 -1 0 0 0
RightHand : 0 0 0 -1 -1 -1 0 0 0
RightHandThumb1 : 1.04792 -52.3044 -5.67072 -1 -1 -1 0 0 0
RightHip : 0 0 0 -1 -1 -1 0 0 0
RightLeg : 38.2489 -12.4325 -4.39943 -1 -1 -1 0 0 0
RightShoulder : 0 0 0 -1 -1 -1 0 0 0
RightToeBase : -13.5354 4.86412 -0.594798 -1 -1 -1 0 0 0
RightUpLeg : -28.3365 9.47112 20.7277 -1 -1 -1 0 0 0
Spin : -2.46222 -1.06948 -3.84634 -1 -1 -1 0 0 0
Spin1 : -0.0942121 -1.36698 2.4388 -1 -1 -1 0 0 0
Spin2 : 1.4695 -0.718326 4.62497 -1 -1 -1 0 0 0
frame 21 26
Head : 9.82044 -1.52276 6.2659 -1 -1 -1 0 0 0
Hips : 8.29724 -0.377479 -0.386375 8.64959 16.1685 -15.5609 0 0 0
LeftArm : 36.9296 1.47132 -82.9013 -1 -1 -1 0 0 0
LeftFoot : -16.8103 1.838 0.758566 -1 -1 -1 0 0 0
LeftForeArm : -3.82859 -23.2686 14.9958 -1 -1 -1 0 0 0
LeftHand : 0 0 0 -1 -1 -1 0 0 0
LeftHandThumb1 : 6.95727 3.94231 -7.46209 -1 -1 -1 0 0 0
LeftHip : 0 0 0 -1 -1 -1 0 0 0
LeftLeg : 23.9629 8.2115 2.04322 -1 -1 -1 0 0 0
LeftShoulder : 0 0 0 -1 -1 -1 0 0 0
LeftToeBase : -6.5696 -2.37938 0.184154 -1 -1 -1 0 0 0
LeftUpLeg : -16.9161 -4.06504 -19.7741 -1 -1 -1 0 0 0
Neck : -21.7169 -4.08226 -12.5116 -1 -1 -1 0 0 0
RightArm : 38.3063 -6.4829 77.5043 -1 -1 -1 0 0 0
RightFoot : -16.4241 2.73345 -0.928044 -1 -1 -1 0 0 0
RightForeArm : -4.32564 26.3658 -16.984 -1 -1 -1 0 0 0
RightHand : 0 0 0 -1 -1 -1 0 0 0
RightHandThumb1 : 1.23072 -53.8859 -5.25078 -1 -1 -1 0 0 0
RightHip : 0 0 0 -1 -1 -1 0 0 0
RightLeg : 31.9537 -10.8122 -3.07687 -1 -1 -1 0 0 0
RightShoulder : 0 0 0 -1 -1 -1 0 0 0
RightToeBase : -16.1156 5.75902 -0.84398 -1 -1 -1 0 0 0
RightUpLeg : -19.1877 8.25028 18.3176 -1 -1 -1 0 0 0
Spin : -3.63266 -0.512739 -3.38773 -1 -1 -1 0 0 0
Spin1 : 0.143235 -0.641215 2.50079 -1 -1 -1 0 0 0
Spin2 : 2.43189 -0.372896 4.48817 -1 -1 -1 0 0 0
frame 22 26
Head : 9.8551 -1.30463 6.30695 -1 -1 -1 0 0 0
Hips : 8.34115 1.55476 3.13678 16.8372 31.5067 -16.0901 0 0 0
LeftArm : 39.8507 -6.57913 -82.2688 -1 -1 -1 0 0 0
LeftFoot : -15.9477 -0.571868 0.716115 -1 -1 -1 0 0 0
LeftForeArm : -4.32079 -24.9048 16.2215 -1 -1 -1 0 0 0
LeftHand : 0 0 0 -1 -1 -1 0 0 0
LeftHandThumb1 : 7.33962 2.28927 -7.62251 -1 -1 -1 0 0 0
LeftHip : 0 0 0 -1 -1 -1 0 0 0
LeftLeg : 12.2065 4.17162 1.08102 -1 -1 -1 0 0 0
LeftShoulder : 0 0 0 -1 -1 -1 0 0 0
LeftToeBase : -3.08883 -1.12064 0.140507 -1 -1 -1 0 0 0
LeftUpLeg : -6.61874 -1.09876 -25.3352 -1 -1 -1 0 0 0
Neck : -21.7005 -3.71163 -12.408 -1 -1 -1 0 0 0
RightArm : 36.8698 -13.4243 77.3444 -1 -1 -1 0 0 0
RightFoot : -21.7205 -1.18954 -1.41989 -1 -1 -1 0 0 0
RightForeArm : -4.70096 27.6673 -17.9133 -1 -1 -1 0 0 0
RightHand : 0 0 0 -1 -1 -1 0 0 0
RightHandThumb1 : 0.822448 -51.1015 -4.09242 -1 -1 -1 0 0 0
RightHip : 0 0 0 -1 -1 -1 0 0 0
RightLeg : 34.7523 -11.2371 -4.19595 -1 -1 -1 0 0 0
RightShoulder : 0 0 0 -1 -1 -1 0 0 0
RightToeBase : -14.8989 5.34076 -0.715579 -1 -1 -1 0 0 0
RightUpLeg : -30.4307 13.5408 11.2712 -1 -1 -1 0 0 0
Spin : -3.30469 -1.89469 -6.15293 -1 -1 -1 0 0 0
Spin1 : 0.0269313 -2.32639 1.58798 -1 -1 -1 0 0 0
Spin2 : 2.33825 -1.24836 4.94163 -1 -1 -1 0 0 0
frame 23 26
Head : 9.89928 -1.03753 6.24105 -1 -1 -1 0 0 0
Hips : 8.75853 3.02685 3.6521 129.499 236.857 -15.3534 0 0 0
LeftArm : 42.4463 -12.6382 -80.9096 -1 -1 -1 0 0 0
LeftFoot : -15.7243 -1.97239 0.860232 -1 -1 -1 0 0 0
LeftForeArm : -5.31645 -27.8063 18.3439 -1 -1 -1 0 0 0
LeftHand : 0 0 0 -1 -1 -1 0 0 0
LeftHandThumb1 : 6.60596 3.28221 -6.97806 -1 -1 -1 0 0 0
LeftHip : 0 0 0 -1 -1 -1 0 0 0
LeftLeg : 27.8338 9.40625 3.08103 -1 -1 -1 0 0 0
LeftShoulder : 0 0 0 -1 -1 -1 0 0 0
LeftToeBase : -5.83492 -2.10411 0.245495 -1 -1 -1 0 0 0
LeftUpLeg : -0.653269 -0.268071 -25.3815 -1 -1 -1 0 0 0
Neck : -21.9659 -3.31186 -12.3051 -1 -1 -1 0 0 0
RightArm : 33.0257 -17.6574 75.6902 -1 -1 -1 0 0 0
RightFoot : -21.5169 -2.90137 -1.5567 -1 -1 -1 0 0 0
RightForeArm : -5.15978 27.3144 -18.1909 -1 -1 -1 0 0 0
RightHand : 0 0 0 -1 -1 -1 0 0 0
RightHandThumb1 : 1.47974 -54.0106 -6.57089 -1 -1 -1 0 0 0
RightHip : 0 0 0 -1 -1 -1 0 0 0
RightLeg : 33.9945 -11.1142 -3.91187 -1 -1 -1 0 0 0
RightShoulder : 0 0 0 -1 -1 -1 0 0 0
RightToeBase : -17.9203 6.38324 -1.02487 -1 -1 -1 0 0 0
RightUpLeg : -33.013 17.2225 5.80398 -1 -1 -1 0 0 0
Spin : -3.60987 -2.87836 -6.21041 -1 -1 -1 0 0 0
Spin1 : 0.0796359 -3.62539 1.73574 -1 -1 -1 0 0 0
Spin2 : 2.81073 -1.91893 5.01394 -1 -1 -1 0 0 0
frame 24 26
Head : 9.706 -0.726969 6.23478 -1 -1 -1 0 0 0
Hips : 8.71796 3.52618 5.41722 280.311 509.386 -15.165 0 0 0
LeftArm : 50.1666 -20.1921 -80.0342 -1 -1 -1 0 0 0
LeftFoot : -14.2274 -3.89454 0.739313 -1 -1 -1 0 0 0
LeftForeArm : -6.45934 -32.1307 21.4953 -1 -1 -1 0 0 0
LeftHand : 0 0 0 -1 -1 -1 0 0 0
LeftHandThumb1 : 5.7713 1.64137 -5.93255 -1 -1 -1 0 0 0
LeftHip : 0 0 0 -1 -1 -1 0 0 0
LeftLeg : 47.5873 14.1627 8.15801 -1 -1 -1 0 0 0
LeftShoulder : 0 0 0 -1 -1 -1 0 0 0
LeftToeBase : -6.14029 -2.22024 0.542295 -1 -1 -1 0 0 0
LeftUpLeg : 9.51044 5.41915 -27.0232 -1 -1 -1 0 0 0
Neck : -21.9651 -2.84216 -12.2918 -1 -1 -1 0 0 0
RightArm : 22.6757 -23.5628 75.5309 -1 -1 -1 0 0 0
RightFoot : -18.6104 -0.696689 -1.08572 -1 -1 -1 0 0 0
RightForeArm : -3.11379 22.5049 -14.1205 -1 -1 -1 0 0 0
RightHand : 0 0 0 -1 -1 -1 0 0 0
RightHandThumb1 : 0.324767 -54.3168 -1.5265 -1 -1 -1 0 0 0
RightHip : 0 0 0 -1 -1 -1 0 0 0
RightLeg : 31.9285 -10.8159 -3.3854 -1 -1 -1 0 0 0
RightShoulder : 0 0 0 -1 -1 -1 0 0 0
RightToeBase : -17.5496 6.25165 -0.998482 -1 -1 -1 0 0 0
RightUpLeg : -42.259 17.6086 5.34238 -1 -1 -1 0 0 0
Spin : -3.1122 -3.68615 -7.61612 -1 -1 -1 0 0 0
Spin1 : 0.0427711 -4.66877 1.5839 -1 -1 -1 0 0 0
Spin2 : 2.6069 -2.44516 5.60205 -1 -1 -1 0 0 0
frame 25 26
Head : 9.89897 -0.54425 5.93708 -1 -1 -1 0 0 0
Hips : 9.20845 3.52951 5.77662 898.884 1634.13 -15.2864 0 0 0
LeftArm : 48.4893 -23.5167 -80.6252 -1 -1 -1 0 0 0
LeftFoot : -9.77213 -4.19229 0.247646 -1 -1 -1 0 0 0
LeftForeArm : -7.33293 -33.8707 23.0462 -1 -1 -1 0 0 0
LeftHand : 0 0 0 -1 -1 -1 0 0 0
LeftHandThumb1 : 4.92281 1.78615 -5.08414 -1 -1 -1 0 0 0
LeftHip : 0 0 0 -1 -1 -1 0 0 0
LeftLeg : 63.7005 17.7466 11.826 -1 -1 -1 0 0 0
LeftShoulder : 0 0 0 -1 -1 -1 0 0 0
LeftToeBase : -10.2126 -3.659 0.978454 -1 -1 -1 0 0 0
LeftUpLeg : 15.5094 9.76328 -25.5726 -1 -1 -1 0 0 0
Neck : -22.8823 -2.55529 -11.717 -1 -1 -1 0 0 0
RightArm : 9.24468 -25.7241 75.4196 -1 -1 -1 0 0 0
RightFoot : -14.3899 -0.0578956 -0.815694 -1 -1 -1 0 0 0
RightForeArm : -2.12183 18.7282 -11.4694 -1 -1 -1 0 0 0
RightHand : 0 0 0 -1 -1 -1 0 0 0
RightHandThumb1 : 0.817906 -53.2464 -4.3285 -1 -1 -1 0 0 0
RightHip : 0 0 0 -1 -1 -1 0 0 0
RightLeg : 42.6865 -13.7768 -5.73773 -1 -1 -1 0 0 0
RightShoulder : 0 0 0 -1 -1 -1 0 0 0
RightToeBase : -17.9463 6.39324 -1.02695 -1 -1 -1 0 0 0
RightUpLeg : -46.2343 18.318 5.32281 -1 -1 -1 0 0 0
Spin : -3.8068 -4.08357 -7.75624 -1 -1 -1 0 0 0
Spin1 : -0.00711484 -5.13775 1.74059 -1 -1 -1 0 0 0
Spin2 : 2.99663 -2.69465 5.79017 -1 -1 -1 0 0 0
frame 26 26
Head : 9.79149 -0.352344 6.03506 -1 -1 -1 0 0 0
Hips : 8.65437 2.35118 4.35388 7754.11 14082.5 -15.1438 0 0 0
LeftArm : 47.478 -19.5155 -81.4242 -1 -1 -1 0 0 0
LeftFoot : 0.339914 1.44082 0.0355953 -1 -1 -1 0 0 0
LeftForeArm : -7.98276 -35.1039 24.2245 -1 -1 -1 0 0 0
LeftHand : 0 0 0 -1 -1 -1 0 0 0
LeftHandThumb1 : 5.15216 1.37305 -5.30497 -1 -1 -1 0 0 0
LeftHip : 0 0 0 -1 -1 -1 0 0 0
LeftLeg : 61.2836 17.1474 10.8143 -1 -1 -1 0 0 0
LeftShoulder : 0 0 0 -1 -1 -1 0 0 0
LeftToeBase : -10.5137 -3.77846 0.673505 -1 -1 -1 0 0 0
LeftUpLeg : 14.5571 12.7016 -22.2672 -1 -1 -1 0 0 0
Neck : -22.3191 -2.20795 -11.9052 -1 -1 -1 0 0 0
RightArm : -2.5695 -23.8113 75.7149 -1 -1 -1 0 0 0
RightFoot : -8.47345 1.682 -0.277687 -1 -1 -1 0 0 0
RightForeArm : -1.41332 15.3738 -9.25174 -1 -1 -1 0 0 0
RightHand : 0 0 0 -1 -1 -1 0 0 0
RightHandThumb1 : 1.22223 -55.3122 -4.75426 -1 -1 -1 0 0 0
RightHip : 0 0 0 -1 -1 -1 0 0 0
RightLeg : 45.9096 -14.4597 -6.43764 -1 -1 -1 0 0 0
RightShoulder : 0 0 0 -1 -1 -1 0 0 0
RightToeBase : -19.3562 6.85305 -1.23183 -1 -1 -1 0 0 0
RightUpLeg : -45.3537 15.5685 10.9896 -1 -1 -1 0 0 0
Spin : -3.30006 -3.80315 -6.3466 -1 -1 -1 0 0 0
Spin1 : -0.231652 -4.86527 2.2209 -1 -1 -1 0 0 0
Spin2 : 2.36437 -2.51807 5.58198 -1 -1 -1 0 0 0
frame 27 26
Head : 9.47657 -0.511617 6.10959 -1 -1 -1 0 0 0
Hips : 8.31992 1.72897 -0.480677 3491.26 6385.03 -14.6098 0 0 0
LeftArm : 48.3554 -13.6379 -82.553 -1 -1 -1 0 0 0
LeftFoot : 0.870194 9.28409 -0.104009 -1 -1 -1 0 0 0
LeftForeArm : -7.58566 -34.4038 23.6005 -1 -1 -1 0 0 0
LeftHand : 0 0 0 -1 -1 -1 0 0 0
LeftHandThumb1 : 5.29442 1.75859 -5.47248 -1 -1 -1 0 0 0
LeftHip : 0 0 0 -1 -1 -1 0 0 0
LeftLeg : 51.432 15.4958 7.56918 -1 -1 -1 0 0 0
LeftShoulder : 0 0 0 -1 -1 -1 0 0 0
LeftToeBase : -13.0419 -4.68691 1.76588 -1 -1 -1 0 0 0
LeftUpLeg : -0.89248 10.5415 -15.9804 -1 -1 -1 0 0 0
Neck : -21.6716 -2.49362 -12.3061 -1 -1 -1 0 0 0
RightArm : -2.41223 -19.33 76.4003 -1 -1 -1 0 0 0
RightFoot : -11.2778 5.0282 -0.395905 -1 -1 -1 0 0 0
RightForeArm : -1.79265 15.4735 -9.62162 -1 -1 -1 0 0 0
RightHand : 0 0 0 -1 -1 -1 0 0 0
RightHandThumb1 : 0.998789 -54.6459 -4.20843 -1 -1 -1 0 0 0
RightHip : 0 0 0 -1 -1 -1 0 0 0
RightLeg : 45.4009 -14.3423 -6.25073 -1 -1 -1 0 0 0
RightShoulder : 0 0 0 -1 -1 -1 0 0 0
RightToeBase : -13.9878 5.0224 -0.633636 -1 -1 -1 0 0 0
RightUpLeg : -37.486 13.8058 19.271 -1 -1 -1 0 0 0
Spin : -2.32133 -2.87256 -2.21011 -1 -1 -1 0 0 0
Spin1 : -0.120579 -3.80235 3.72572 -1 -1 -1 0 0 0
Spin2 : 1.61847 -1.94056 4.96936 -1 -1 -1 0 0 0
frame 28 26
Head : 9.29603 -0.973643 5.87259 -1 -1 -1 0 0 0
Hips : 9.07716 1.68668 -1.18449 465.935 854.063 14.5709 0 0 0
LeftArm : 48.6444 -8.61062 -85.0706 -1 -1 -1 0 0 0
LeftFoot : -7.22158 8.93578 -0.185408 -1 -1 -1 0 0 0
LeftForeArm : -6.2557 -31.926 21.2772 -1 -1 -1 0 0 0
LeftHand : 0 0 0 -1 -1 -1 0 0 0
LeftHandThumb1 : 5.72303 3.1803 -6.04066 -1 -1 -1 0 0 0
LeftHip : 0 0 0 -1 -1 -1 0 0 0
LeftLeg : 33.0776 11.0315 3.24589 -1 -1 -1 0 0 0
LeftShoulder : 0 0 0 -1 -1 -1 0 0 0
LeftToeBase : -7.05173 -2.55127 0.127073 -1 -1 -1 0 0 0
LeftUpLeg : -15.4638 5.56229 -16.6605 -1 -1 -1 0 0 0
Neck : -21.2253 -3.17241 -12.2181 -1 -1 -1 0 0 0
RightArm : 7.98303 -14.1776 78.3926 -1 -1 -1 0 0 0
RightFoot : -13.8409 6.66632 -0.604102 -1 -1 -1 0 0 0
RightForeArm : -1.68324 16.1594 -9.86148 -1 -1 -1 0 0 0
RightHand : 0 0 0 -1 -1 -1 0 0 0
RightHandThumb1 : 1.23646 -53.4536 -5.92647 -1 -1 -1 0 0 0
RightHip : 0 0 0 -1 -1 -1 0 0 0
RightLeg : 41.2148 -13.3606 -5.05427 -1 -1 -1 0 0 0
RightShoulder : 0 0 0 -1 -1 -1 0 0 0
RightToeBase : -10.8995 3.92739 -0.414011 -1 -1 -1 0 0 0
RightUpLeg : -32.5563 11.4046 22.0622 -1 -1 -1 0 0 0
Spin : -2.50405 -2.0721 -2.01854 -1 -1 -1 0 0 0
Spin1 : 0.0476402 -2.77001 3.89275 -1 -1 -1 0 0 0
Spin2 : 1.74973 -1.42413 5.03362 -1 -1 -1 0 0 0
frame 29 26
Head : 9.34882 -1.18455 5.92178 -1 -1 -1 0 0 0
Hips : 9.01139 0.744474 -1.30091 2128.33 4018.84 14.2471 0 0 0
LeftArm : 48.7804 -1.73924 -86.532 -1 -1 -1 0 0 0
LeftFoot : -13.855 7.2041 0.212875 -1 -1 -1 0 0 0
LeftForeArm : -4.87516 -28.9684 18.684 -1 -1 -1 0 0 0
LeftHand : 0 0 0 -1 -1 -1 0 0 0
LeftHandThumb1 : 5.36326 4.92458 -5.90751 -1 -1 -1 0 0 0
LeftHip : 0 0 0 -1 -1 -1 0 0 0
LeftLeg : 19.6093 6.81687 1.35533 -1 -1 -1 0 0 0
LeftShoulder : 0 0 0 -1 -1 -1 0 0 0
LeftToeBase : -9.78295 -3.53182 0.0766449 -1 -1 -1 0 0 0
LeftUpLeg : -25.545 0.836982 -17.4792 -1 -1 -1 0 0 0
Neck : -20.5501 -3.44324 -12.6114 -1 -1 -1 0 0 0
RightArm : 22.1966 -7.86124 79.0218 -1 -1 -1 0 0 0
RightFoot : -17.3093 7.85916 -0.95717 -1 -1 -1 0 0 0
RightForeArm : -2.04191 18.7865 -11.4445 -1 -1 -1 0 0 0
RightHand : 0 0 0 -1 -1 -1 0 0 0
RightHandThumb1 : 1.08838 -51.6918 -6.6626 -1 -1 -1 0 0 0
RightHip : 0 0 0 -1 -1 -1 0 0 0
RightLeg : 34.8388 -11.6897 -3.66584 -1 -1 -1 0 0 0
RightShoulder : 0 0 0 -1 -1 -1 0 0 0
RightToeBase : -14.5543 5.21773 -0.694798 -1 -1 -1 0 0 0
RightUpLeg : -25.5689 10.3987 23.9878 -1 -1 -1 0 0 0
Spin : -1.72237 -1.14193 -2.52383 -1 -1 -1 0 0 0
Spin1 : 0.00198048 -1.50454 3.97895 -1 -1 -1 0 0 0
Spin2 : 1.15046 -0.780047 5.4846 -1 -1 -1 0 0 0
frame 30 26
Head : 9.49521 -1.55454 5.88664 -1 -1 -1 0 0 0
Hips : 9.47981 -1.10873 -1.98796 469.419 876.45 13.4447 0 0 0
LeftArm : 43.8596 6.96581 -86.4852 -1 -1 -1 0 0 0
LeftFoot : -17.5707 5.6729 0.610025 -1 -1 -1 0 0 0
LeftForeArm : -3.18664 -23.6902 14.7598 -1 -1 -1 0 0 0
LeftHand : 0 0 0 -1 -1 -1 0 0 0
LeftHandThumb1 : 6.83543 4.21401 -7.37469 -1 -1 -1 0 0 0
LeftHip : 0 0 0 -1 -1 -1 0 0 0
LeftLeg : 26.7069 9.13173 2.63822 -1 -1 -1 0 0 0
LeftShoulder : 0 0 0 -1 -1 -1 0 0 0
LeftToeBase : -11.1363 -4.0141 0.400862 -1 -1 -1 0 0 0
LeftUpLeg : -33.5669 -3.78925 -16.1169 -1 -1 -1 0 0 0
Neck : -20.4053 -4.01912 -12.8489 -1 -1 -1 0 0 0
RightArm : 37.9755 1.02001 78.0227 -1 -1 -1 0 0 0
RightFoot : -18.8552 6.41664 -1.10908 -1 -1 -1 0 0 0
RightForeArm : -3.89393 25.5773 -16.2262 -1 -1 -1 0 0 0
RightHand : 0 0 0 -1 -1 -1 0 0 0
RightHandThumb1 : 1.16965 -55.3822 -4.62343 -1 -1 -1 0 0 0
RightHip : 0 0 0 -1 -1 -1 0 0 0
RightLeg : 26.3337 -9.12678 -2.12302 -1 -1 -1 0 0 0
RightShoulder : 0 0 0 -1 -1 -1 0 0 0
RightToeBase : -16.7885 5.99376 -0.909061 -1 -1 -1 0 0 0
RightUpLeg : -15.5703 9.01588 25.9394 -1 -1 -1 0 0 0
Spin : -2.34736 0.273208 -1.97652 -1 -1 -1 0 0 0
Spin1 : 0.161596 0.375121 3.73234 -1 -1 -1 0 0 0
Spin2 : 1.47504 0.16021 4.95293 -1 -1 -1 0 0 0
frame 31 26
Head : 9.84158 -2.33312 5.7277 -1 -1 -1 0 0 0
Hips : 10.448 -2.76973 -4.31055 294.13 546.039 10.821 0 0 0
LeftArm : 17.288 18.7227 -83.0219 -1 -1 -1 0 0 0
LeftFoot : -10.6054 3.36195 0.327103 -1 -1 -1 0 0 0
LeftForeArm : -2.07804 -17.3111 10.6917 -1 -1 -1 0 0 0
LeftHand : 0 0 0 -1 -1 -1 0 0 0
LeftHandThumb1 : 8.16778 3.08613 -8.50747 -1 -1 -1 0 0 0
LeftHip : 0 0 0 -1 -1 -1 0 0 0
LeftLeg : 40.005 12.9391 4.93355 -1 -1 -1 0 0 0
LeftShoulder : 0 0 0 -1 -1 -1 0 0 0
LeftToeBase : -11.2998 -4.06857 0.278519 -1 -1 -1 0 0 0
LeftUpLeg : -40.9584 -6.21482 -11.9739 -1 -1 -1 0 0 0
Neck : -20.2262 -5.19242 -13.0688 -1 -1 -1 0 0 0
RightArm : 47.4739 12.463 74.386 -1 -1 -1 0 0 0
RightFoot : -7.45967 2.65818 -0.487155 -1 -1 -1 0 0 0
RightForeArm : -7.226 32.5858 -22.4331 -1 -1 -1 0 0 0
RightHand : 0 0 0 -1 -1 -1 0 0 0
RightHandThumb1 : 0.734685 -51.7656 -5.68144 -1 -1 -1 0 0 0
RightHip : 0 0 0 -1 -1 -1 0 0 0
RightLeg : 26.3648 -9.05555 -2.89402 -1 -1 -1 0 0 0
RightShoulder : 0 0 0 -1 -1 -1 0 0 0
RightToeBase : -21.2976 7.49591 -1.49102 -1 -1 -1 0 0 0
RightUpLeg : 2.5587 3.06938 25.5039 -1 -1 -1 0 0 0
Spin : -5.36713 2.11112 -0.310527 -1 -1 -1 0 0 0
Spin1 : -0.0375285 2.67129 3.61727 -1 -1 -1 0 0 0
Spin2 : 2.94039 1.31289 4.20607 -1 -1 -1 0 0 0
frame 32 26
Head : 10.0963 -1.61059 5.35339 -1 -1 -1 0 0 0
Hips : 8.88729 -2.08267 0.33746 441.67 813.658 12.397 0 0 0
LeftArm : 35.487 6.88943 -85.6613 -1 -1 -1 0 0 0
LeftFoot : -18.3629 0.226555 0.868939 -1 -1 -1 0 0 0
LeftForeArm : -2.47371 -20.5962 12.6752 -1 -1 -1 0 0 0
LeftHand : 0 0 0 -1 -1 -1 0 0 0
LeftHandThumb1 : 6.72109 3.70268 -7.18152 -1 -1 -1 0 0 0
LeftHip : 0 0 0 -1 -1 -1 0 0 0
LeftLeg : 22.1619 7.00926 2.98487 -1 -1 -1 0 0 0
LeftShoulder : 0 0 0 -1 -1 -1 0 0 0
LeftToeBase : -2.90209 -1.05105 0.217408 -1 -1 -1 0 0 0
LeftUpLeg : -25.6042 -4.98028 -21.7409 -1 -1 -1 0 0 0
Neck : -21.0681 -3.99302 -12.0256 -1 -1 -1 0 0 0
RightArm : 45.9738 1.04815 78.2165 -1 -1 -1 0 0 0
RightFoot : -16.102 1.03291 -0.712858 -1 -1 -1 0 0 0
RightForeArm : -5.22147 29.6873 -19.2931 -1 -1 -1 0 0 0
RightHand : 0 0 0 -1 -1 -1 0 0 0
RightHandThumb1 : 1.08857 -57.4154 -3.58502 -1 -1 -1 0 0 0
RightHip : 0 0 0 -1 -1 -1 0 0 0
RightLeg : 39.8558 -12.1637 -5.46219 -1 -1 -1 0 0 0
RightShoulder : 0 0 0 -1 -1 -1 0 0 0
RightToeBase : -17.635 6.28835 -0.987876 -1 -1 -1 0 0 0
RightUpLeg : -21.2489 8.26889 19.7895 -1 -1 -1 0 0 0
Spin : -3.7348 0.434783 -2.79078 -1 -1 -1 0 0 0
Spin1 : -0.0939438 0.672373 2.40148 -1 -1 -1 0 0 0
Spin2 : 2.00799 0.294552 4.03346 -1 -1 -1 0 0 0
frame 33 26
Head : 9.60502 -1.08596 5.66325 -1 -1 -1 0 0 0
Hips : 9.43701 1.47221 1.68123 26.1472 47.7312 14.9648 0 0 0
LeftArm : 52.3258 -5.14135 -80.9262 -1 -1 -1 0 0 0
LeftFoot : -16.0604 -0.144834 0.654521 -1 -1 -1 0 0 0
LeftForeArm : -4.54139 -27.5917 17.7658 -1 -1 -1 0 0 0
LeftHand : 0 0 0 -1 -1 -1 0 0 0
LeftHandThumb1 : 7.07097 3.47452 -7.5203 -1 -1 -1 0 0 0
LeftHip : 0 0 0 -1 -1 -1 0 0 0
LeftLeg : 57.3523 16.4501 9.80776 -1 -1 -1 0 0 0
LeftShoulder : 0 0 0 -1 -1 -1 0 0 0
LeftToeBase : -3.79155 -1.35555 0.111948 -1 -1 -1 0 0 0
LeftUpLeg : -9.23971 -1.31414 -22.7283 -1 -1 -1 0 0 0
Neck : -19.4547 -2.98483 -11.9813 -1 -1 -1 0 0 0
RightArm : 41.5399 -10.4926 75.1869 -1 -1 -1 0 0 0
RightFoot : -19.7299 2.43701 -1.11985 -1 -1 -1 0 0 0
RightForeArm : -5.35371 29.3865 -19.2842 -1 -1 -1 0 0 0
RightHand : 0 0 0 -1 -1 -1 0 0 0
RightHandThumb1 : 0.367077 -51.6801 -2.09738 -1 -1 -1 0 0 0
RightHip : 0 0 0 -1 -1 -1 0 0 0
RightLeg : 24.1035 -8.2799 -2.13633 -1 -1 -1 0 0 0
RightShoulder : 0 0 0 -1 -1 -1 0 0 0
RightToeBase : -16.7172 5.96565 -0.909481 -1 -1 -1 0 0 0
RightUpLeg : -26.5548 13.063 14.9398 -1 -1 -1 0 0 0
Spin : -4.60438 -1.83741 -3.84025 -1 -1 -1 0 0 0
Spin1 : -0.298931 -2.26327 2.25622 -1 -1 -1 0 0 0
Spin2 : 2.68414 -1.20621 4.22938 -1 -1 -1 0 0 0
frame 34 26
Head : 9.91629 -0.842666 5.32965 -1 -1 -1 0 0 0
Hips : 9.818 1.72621 1.90835 31.7534 58.492 16.7596 0 0 0
LeftArm : 47.4221 -9.36064 -80.0286 -1 -1 -1 0 0 0
LeftFoot : -14.2924 -2.56949 0.406473 -1 -1 -1 0 0 0
LeftForeArm : -4.81885 -27.8545 18.1404 -1 -1 -1 0 0 0
LeftHand : 0 0 0 -1 -1 -1 0 0 0
LeftHandThumb1 : 7.6274 3.26081 -8.07601 -1 -1 -1 0 0 0
LeftHip : 0 0 0 -1 -1 -1 0 0 0
LeftLeg : 53.1898 15.709 8.28105 -1 -1 -1 0 0 0
LeftShoulder : 0 0 0 -1 -1 -1 0 0 0
LeftToeBase : -7.28307 -2.62776 0.435888 -1 -1 -1 0 0 0
LeftUpLeg : -4.97145 0.103417 -19.8553 -1 -1 -1 0 0 0
Neck : -20.5239 -2.58822 -11.1863 -1 -1 -1 0 0 0
RightArm : 35.0733 -13.448 72.9952 -1 -1 -1 0 0 0
RightFoot : -17.3756 2.94533 -0.991775 -1 -1 -1 0 0 0
RightForeArm : -5.82086 29.3686 -19.7098 -1 -1 -1 0 0 0
RightHand : 0 0 0 -1 -1 -1 0 0 0
RightHandThumb1 : 0.661773 -54.3167 -3.0162 -1 -1 -1 0 0 0
RightHip : 0 0 0 -1 -1 -1 0 0 0
RightLeg : 29.7688 -9.76965 -3.81586 -1 -1 -1 0 0 0
RightShoulder : 0 0 0 -1 -1 -1 0 0 0
RightToeBase : -18.8245 6.69302 -1.12481 -1 -1 -1 0 0 0
RightUpLeg : -26.581 14.1748 11.2626 -1 -1 -1 0 0 0
Spin : -4.76175 -2.49367 -4.09661 -1 -1 -1 0 0 0
Spin1 : -0.269998 -3.12256 2.31427 -1 -1 -1 0 0 0
Spin2 : 3.0621 -1.65731 4.31222 -1 -1 -1 0 0 0
frame 35 26
Head : 9.94105 -0.557279 5.53366 -1 -1 -1 0 0 0
Hips : 9.82277 0.521823 0.98787 49.1525 91.4553 18.4885 0 0 0
LeftArm : 42.8127 -7.71596 -80.1564 -1 -1 -1 0 0 0
LeftFoot : -4.91334 2.01692 0.29688 -1 -1 -1 0 0 0
LeftForeArm : -5.39958 -28.297 18.8344 -1 -1 -1 0 0 0
LeftHand : 0 0 0 -1 -1 -1 0 0 0
LeftHandThumb1 : 6.57049 3.14467 -7.01941 -1 -1 -1 0 0 0
LeftHip : 0 0 0 -1 -1 -1 0 0 0
LeftLeg : 38.7908 12.716 4.28774 -1 -1 -1 0 0 0
LeftShoulder : 0 0 0 -1 -1 -1 0 0 0
LeftToeBase : -10.5432 -3.80835 0.562698 -1 -1 -1 0 0 0
LeftUpLeg : -1.82108 2.90285 -15.6695 -1 -1 -1 0 0 0
Neck : -21.1102 -2.26415 -11.4426 -1 -1 -1 0 0 0
RightArm : 27.5222 -13.0382 72.1105 -1 -1 -1 0 0 0
RightFoot : -6.36497 4.21154 -0.108098 -1 -1 -1 0 0 0
RightForeArm : -5.948 28.0963 -19.2545 -1 -1 -1 0 0 0
RightHand : 0 0 0 -1 -1 -1 0 0 0
RightHandThumb1 : 1.65432 -54.1219 -6.71806 -1 -1 -1 0 0 0
RightHip : 0 0 0 -1 -1 -1 0 0 0
RightLeg : 39.648 -12.434 -5.51858 -1 -1 -1 0 0 0
RightShoulder : 0 0 0 -1 -1 -1 0 0 0
RightToeBase : -18.8963 6.71163 -1.14878 -1 -1 -1 0 0 0
RightUpLeg : -25.9267 10.2027 15.6397 -1 -1 -1 0 0 0
Spin : -5.06864 -2.4084 -2.81285 -1 -1 -1 0 0 0
Spin1 : -0.313795 -3.10927 2.56876 -1 -1 -1 0 0 0
Spin2 : 3.12094 -1.61509 3.88868 -1 -1 -1 0 0 0
frame 36 26
Head : 9.69362 -0.650011 5.5208 -1 -1 -1 0 0 0
Hips : 9.34247 0.132609 -1.82829 15.185 27.1788 19.8601 0 0 0
LeftArm : 41.3008 -5.13797 -80.2805 -1 -1 -1 0 0 0
LeftFoot : -1.11665 8.9212 -0.00539062 -1 -1 -1 0 0 0
LeftForeArm : -5.43214 -27.3603 18.4069 -1 -1 -1 0 0 0
LeftHand : 0 0 0 -1 -1 -1 0 0 0
LeftHandThumb1 : 6.12518 1.2859 -6.40476 -1 -1 -1 0 0 0
LeftHip : 0 0 0 -1 -1 -1 0 0 0
LeftLeg : 25.976 8.98676 2.08805 -1 -1 -1 0 0 0
LeftShoulder : 0 0 0 -1 -1 -1 0 0 0
LeftToeBase : -13.4883 -4.8312 0.157245 -1 -1 -1 0 0 0
LeftUpLeg : -10.8924 2.77815 -12.5082 -1 -1 -1 0 0 0
Neck : -21.2514 -2.51559 -11.6772 -1 -1 -1 0 0 0
RightArm : 23.9886 -10.6661 72.32 -1 -1 -1 0 0 0
RightFoot : -5.2817 5.07071 -0.12898 -1 -1 -1 0 0 0
RightForeArm : -6.21516 27.7629 -19.3466 -1 -1 -1 0 0 0
RightHand : 0 0 0 -1 -1 -1 0 0 0
RightHandThumb1 : 2.18621 -54.7635 -9.13998 -1 -1 -1 0 0 0
RightHip : 0 0 0 -1 -1 -1 0 0 0
RightLeg : 42.0377 -13.2995 -5.76083 -1 -1 -1 0 0 0
RightShoulder : 0 0 0 -1 -1 -1 0 0 0
RightToeBase : -17.2491 6.14348 -0.977277 -1 -1 -1 0 0 0
RightUpLeg : -20.4579 8.8992 20.423 -1 -1 -1 0 0 0
Spin : -4.56655 -1.77396 -0.456778 -1 -1 -1 0 0 0
Spin1 : 0.0028418 -2.46987 3.56745 -1 -1 -1 0 0 0
Spin2 : 2.98207 -1.2685 3.78093 -1 -1 -1 0 0 0
frame 37 26
Head : 9.65939 -1.06731 5.73475 -1 -1 -1 0 0 0
Hips : 9.33123 -0.100879 -3.93304 10.6442 18.6705 21.0616 0 0 0
LeftArm : 36.3606 -1.3858 -82.1984 -1 -1 -1 0 0 0
LeftFoot : -5.78428 9.8229 -0.285213 -1 -1 -1 0 0 0
LeftForeArm : -4.83616 -25.1302 16.7934 -1 -1 -1 0 0 0
LeftHand : 0 0 0 -1 -1 -1 0 0 0
LeftHandThumb1 : 7.20228 0.97826 -7.40077 -1 -1 -1 0 0 0
LeftHip : 0 0 0 -1 -1 -1 0 0 0
LeftLeg : 18.8828 6.58396 1.43283 -1 -1 -1 0 0 0
LeftShoulder : 0 0 0 -1 -1 -1 0 0 0
LeftToeBase : -7.52247 -2.71845 0.302595 -1 -1 -1 0 0 0
LeftUpLeg : -22.5401 1.14557 -11.3054 -1 -1 -1 0 0 0
Neck : -20.6977 -3.21146 -12.6109 -1 -1 -1 0 0 0
RightArm : 26.7576 -7.6055 73.2178 -1 -1 -1 0 0 0
RightFoot : -6.10266 6.05594 -0.342061 -1 -1 -1 0 0 0
RightForeArm : -6.61798 28.3397 -19.9729 -1 -1 -1 0 0 0
RightHand : 0 0 0 -1 -1 -1 0 0 0
RightHandThumb1 : 2.24469 -55.2467 -7.64251 -1 -1 -1 0 0 0
RightHip : 0 0 0 -1 -1 -1 0 0 0
RightLeg : 42.5417 -13.4257 -5.99297 -1 -1 -1 0 0 0
RightShoulder : 0 0 0 -1 -1 -1 0 0 0
RightToeBase : -16.7161 5.96053 -0.919736 -1 -1 -1 0 0 0
RightUpLeg : -14.3893 7.01156 24.2152 -1 -1 -1 0 0 0
Spin : -3.9493 -0.820563 0.723283 -1 -1 -1 0 0 0
Spin1 : -0.172865 -1.24347 4.47916 -1 -1 -1 0 0 0
Spin2 : 2.2857 -0.64345 4.16222 -1 -1 -1 0 0 0
frame 38 26
Head : 9.52559 -1.34822 5.4319 -1 -1 -1 0 0 0
Hips : 9.42985 -0.361304 -2.29441 9.98873 17.5298 22.295 0 0 0
LeftArm : 30.8945 2.46883 -83.2284 -1 -1 -1 0 0 0
LeftFoot : -6.31777 6.83112 -0.0525281 -1 -1 -1 0 0 0
LeftForeArm : -4.19788 -23.0257 15.2013 -1 -1 -1 0 0 0
LeftHand : 0 0 0 -1 -1 -1 0 0 0
LeftHandThumb1 : 6.91523 2.94578 -7.42949 -1 -1 -1 0 0 0
LeftHip : 0 0 0 -1 -1 -1 0 0 0
LeftLeg : 21.8158 7.61266 1.92688 -1 -1 -1 0 0 0
LeftShoulder : 0 0 0 -1 -1 -1 0 0 0
LeftToeBase : -9.35789 -3.37476 0.320298 -1 -1 -1 0 0 0
LeftUpLeg : -30.4803 -1.69449 -14.585 -1 -1 -1 0 0 0
Neck : -19.6516 -3.41957 -11.7652 -1 -1 -1 0 0 0
RightArm : 31.4623 -4.87805 75.7244 -1 -1 -1 0 0 0
RightFoot : -5.23791 5.62801 -0.536152 -1 -1 -1 0 0 0
RightForeArm : -6.46386 28.7463 -20.0134 -1 -1 -1 0 0 0
RightHand : 0 0 0 -1 -1 -1 0 0 0
RightHandThumb1 : 2.07046 -54.8013 -9.29167 -1 -1 -1 0 0 0
RightHip : 0 0 0 -1 -1 -1 0 0 0
RightLeg : 45.7378 -14.1456 -6.72017 -1 -1 -1 0 0 0
RightShoulder : 0 0 0 -1 -1 -1 0 0 0
RightToeBase : -15.4035 5.50646 -0.788905 -1 -1 -1 0 0 0
RightUpLeg : -11.3861 5.13772 23.1986 -1 -1 -1 0 0 0
Spin : -3.67334 -0.393163 -1.35735 -1 -1 -1 0 0 0
Spin1 : -0.566443 -0.547578 3.70477 -1 -1 -1 0 0 0
Spin2 : 1.63504 -0.298213 4.54221 -1 -1 -1 0 0 0
frame 39 26
Head : 9.63541 -1.4235 5.48775 -1 -1 -1 0 0 0
Hips : 8.90946 -0.730912 -1.39456 9.82147 17.2409 23.3881 0 0 0
LeftArm : 29.9901 3.20824 -83.8277 -1 -1 -1 0 0 0
LeftFoot : -9.98957 3.80871 0.262971 -1 -1 -1 0 0 0
LeftForeArm : -3.64823 -21.2398 13.8294 -1 -1 -1 0 0 0
LeftHand : 0 0 0 -1 -1 -1 0 0 0
LeftHandThumb1 : 6.1453 4.6143 -6.77561 -1 -1 -1 0 0 0
LeftHip : 0 0 0 -1 -1 -1 0 0 0
LeftLeg : 21.8476 7.30597 2.6335 -1 -1 -1 0 0 0
LeftShoulder : 0 0 0 -1 -1 -1 0 0 0
LeftToeBase : -9.59259 -3.44973 0.145071 -1 -1 -1 0 0 0
LeftUpLeg : -34.496 -3.24376 -16.8302 -1 -1 -1 0 0 0
Neck : -20.1906 -3.62116 -11.8649 -1 -1 -1 0 0 0
RightArm : 36.7118 -0.749858 77.1801 -1 -1 -1 0 0 0
RightFoot : -6.40054 2.9341 -0.706445 -1 -1 -1 0 0 0
RightForeArm : -5.9088 28.6061 -19.4373 -1 -1 -1 0 0 0
RightHand : 0 0 0 -1 -1 -1 0 0 0
RightHandThumb1 : 2.03338 -53.6758 -9.12138 -1 -1 -1 0 0 0
RightHip : 0 0 0 -1 -1 -1 0 0 0
RightLeg : 43.874 -13.4887 -6.23588 -1 -1 -1 0 0 0
RightShoulder : 0 0 0 -1 -1 -1 0 0 0
RightToeBase : -14.9675 5.36306 -0.726514 -1 -1 -1 0 0 0
RightUpLeg : -10.8312 4.53831 22.8784 -1 -1 -1 0 0 0
Spin : -4.17831 0.104079 -2.03878 -1 -1 -1 0 0 0
Spin1 : 0.360095 0.136906 3.16802 -1 -1 -1 0 0 0
Spin2 : 2.75545 0.0145524 4.48989 -1 -1 -1 0 0 0
frame 40 26
Head : 8.94104 -1.63617 5.98848 -1 -1 -1 0 0 0
Hips : 8.57681 -1.91313 0.05945 9.66595 16.9616 24.3231 0 0 0
LeftArm : 28.9363 7.44156 -84.2527 -1 -1 -1 0 0 0
LeftFoot : -14.3696 2.58403 0.561897 -1 -1 -1 0 0 0
LeftForeArm : -3.319 -20.5595 13.2153 -1 -1 -1 0 0 0
LeftHand : 0 0 0 -1 -1 -1 0 0 0
LeftHandThumb1 : 5.71778 5.27402 -6.35231 -1 -1 -1 0 0 0
LeftHip : 0 0 0 -1 -1 -1 0 0 0
LeftLeg : 27.7687 8.85225 3.81753 -1 -1 -1 0 0 0
LeftShoulder : 0 0 0 -1 -1 -1 0 0 0
LeftToeBase : -4.75126 -1.71972 0.138109 -1 -1 -1 0 0 0
LeftUpLeg : -36.1847 -4.34095 -19.2272 -1 -1 -1 0 0 0
Neck : -16.7762 -3.62569 -13.1313 -1 -1 -1 0 0 0
RightArm : 42.0838 -0.267917 77.8176 -1 -1 -1 0 0 0
RightFoot : -9.05853 0.819466 -0.794618 -1 -1 -1 0 0 0
RightForeArm : -5.92253 30.2107 -20.1737 -1 -1 -1 0 0 0
RightHand : 0 0 0 -1 -1 -1 0 0 0
RightHandThumb1 : 2.23146 -55.4933 -8.52007 -1 -1 -1 0 0 0
RightHip : 0 0 0 -1 -1 -1 0 0 0
RightLeg : 32.7122 -10.0796 -4.3467 -1 -1 -1 0 0 0
RightShoulder : 0 0 0 -1 -1 -1 0 0 0
RightToeBase : -14.9418 5.34974 -0.739726 -1 -1 -1 0 0 0
RightUpLeg : -10.7021 4.67752 21.6596 -1 -1 -1 0 0 0
Spin : -3.52352 0.734957 -3.34231 -1 -1 -1 0 0 0
Spin1 : -0.512369 1.10821 2.63815 -1 -1 -1 0 0 0
Spin2 : 1.34773 0.522332 4.72666 -1 -1 -1 0 0 0
